3 0.12 0.263125 0.24 0.26
3 0.14250000000000002 0.6675 0.05500000000000001 0.06125000000000003
3 0.20375 0.800625 0.09583399999999997 0.05249999999999999
3 0.255 0.4403125 0.11666599999999996 0.09562499999999996
3 0.377083 0.205 0.23750000000000004 0.27375
3 0.3016665 0.58375 0.07333299999999998 0.09375
3 0.492083 0.5103125000000001 0.15249999999999997 0.184375
3 0.65125 0.9228125 0.11583399999999999 0.12687499999999996
3 0.7458335 0.629375 0.05666700000000002 0.07000000000000006
3 0.79125 0.4284375 0.10250000000000004 0.075625
3 0.9404165 0.4353125 0.10916700000000001 0.07187500000000002
