3 0.0675 0.553327 0.095 0.37009999999999993
3 0.2634375 0.243391 0.09187500000000001 0.22789399999999999
3 0.32406250000000003 0.731085 0.11937499999999995 0.395624
3 0.3715625 0.180948 0.06312499999999999 0.17046400000000003
3 0.38187499999999996 0.389243 0.08124999999999999 0.39197799999999994
3 0.46062499999999995 0.22835 0.09249999999999997 0.23609800000000003
3 0.5278125 0.7406565 0.08562500000000006 0.414767
3 0.5375 0.216044 0.06125000000000003 0.23336400000000002
3 0.6543749999999999 0.2128535 0.05874999999999997 0.256153
3 0.7546875 0.2060165 0.078125 0.242479
3 0.7725 0.79216 0.10124999999999995 0.413856
3 0.843125 0.19279849999999998 0.05249999999999999 0.179581
3 0.9593750000000001 0.200091 0.07999999999999996 0.17958000000000002
