3 0.06562499999999999 0.770629 0.042499999999999996 0.26014000000000004
3 0.11812500000000001 0.7601395 0.03749999999999999 0.281119
3 0.1540625 0.7825175 0.05812500000000001 0.28951099999999996
3 0.22468749999999998 0.751748 0.029375000000000012 0.19999999999999996
3 0.3271875 0.737762 0.03187499999999999 0.17202799999999996
3 0.49593750000000003 0.7272725 0.019374999999999976 0.10069899999999998
3 0.52625 0.7776225 0.04125000000000001 0.2573430000000001
3 0.5615625 0.779021 0.03187499999999999 0.26014000000000004
3 0.5884375 0.7314685 0.024374999999999925 0.12587499999999996
3 0.6343749999999999 0.788112 0.04500000000000004 0.135664
1 0.6331249999999999 0.6804195 0.04500000000000004 0.06853100000000001
1 0.8612500000000001 0.7321675000000001 0.20375 0.21118899999999996
1 0.9503125 0.7034965 0.09812500000000002 0.12587499999999996
