3 0.019043 0.037109 0.038086 0.063802
3 0.024414 0.183594 0.048828 0.08854200000000001
3 0.0317385 0.5351565 0.063477 0.33072899999999994
3 0.030273 0.2259115 0.044922000000000004 0.12109299999999998
3 0.043457 0.361328 0.07129 0.12630199999999997
3 0.0507815 0.0722655 0.054687 0.144531
3 0.081543 0.5058590000000001 0.073242 0.253906
3 0.068359 0.2389325 0.044922 0.11848900000000004
3 0.0839845 0.2363285 0.041014999999999996 0.110677
3 0.0981445 0.388672 0.053710999999999995 0.165364
3 0.103516 0.050130499999999995 0.027344000000000007 0.079427
3 0.124512 0.2389325 0.051758 0.11848900000000004
3 0.1298825 0.172526 0.04296900000000001 0.08463600000000002
3 0.163086 0.3964845 0.05859400000000001 0.149739
3 0.1728515 0.186198 0.05078099999999999 0.091146
3 0.177734 0.2578125 0.04492200000000002 0.09895900000000002
3 0.2109375 0.5690105000000001 0.078125 0.291667
3 0.198242 0.096354 0.041016 0.05989599999999999
3 0.20117200000000002 0.138672 0.037110000000000004 0.066406
3 0.2236325 0.3808595 0.06835899999999998 0.11328100000000002
3 0.22119149999999999 0.277995 0.049805000000000016 0.061197999999999975
3 0.222656 0.22460950000000002 0.052734 0.11848899999999998
3 0.2441405 0.078125 0.05078100000000002 0.08854200000000001
3 0.2519535 0.16862 0.04296900000000001 0.092448
3 0.27636700000000003 0.5208335 0.05859399999999998 0.302083
3 0.267578 0.19987 0.03515600000000002 0.08724000000000001
3 0.27734349999999997 0.284505 0.037109 0.06380200000000003
3 0.290527 0.1966145 0.041991999999999974 0.09895900000000002
3 0.2973635 0.11002600000000001 0.04980499999999999 0.07942800000000001
3 0.30078150000000003 0.0703125 0.04296899999999998 0.07291700000000001
3 0.31542950000000003 0.37434900000000004 0.05273500000000003 0.18359399999999998
3 0.31543 0.20507799999999998 0.04882799999999998 0.08463600000000002
3 0.307617 0.28580700000000003 0.03125 0.06640600000000002
3 0.31738299999999997 0.034505 0.04492199999999996 0.06901
3 0.33203150000000003 0.1178385 0.04296899999999998 0.08463499999999999
3 0.34668 0.40559900000000004 0.04882799999999998 0.165364
3 0.352051 0.251302 0.05957000000000001 0.07291600000000001
3 0.3466795 0.0553385 0.046875 0.07161500000000001
3 0.3486325 0.0377605 0.05078100000000002 0.075521
3 0.35058599999999995 0.1875 0.039061999999999986 0.065104
3 0.3657225 0.3190105 0.03613299999999997 0.09114499999999998
3 0.41748050000000003 0.54362 0.09863300000000003 0.31640599999999997
3 0.390625 0.196615 0.03906200000000004 0.09375
3 0.39209 0.027995 0.03222599999999998 0.05599
3 0.412109 0.109375 0.04492200000000002 0.07551999999999999
3 0.408203 0.385417 0.03515600000000002 0.1875
3 0.41845699999999997 0.20963549999999997 0.049804000000000015 0.10416699999999998
3 0.42089849999999995 0.044271 0.037109 0.083334
3 0.4370115 0.3502605 0.05761700000000003 0.11718699999999999
3 0.4453125 0.1614585 0.050780999999999965 0.10156300000000001
3 0.4477535 0.283854 0.05371100000000001 0.09114600000000003
3 0.458496 0.21484350000000002 0.051758000000000026 0.11458300000000002
3 0.460449 0.035807 0.05175799999999997 0.05599
3 0.46484400000000003 0.08724 0.041016 0.065104
3 0.494629 0.5110675 0.06347600000000003 0.29296900000000003
3 0.490723 0.17382799999999998 0.04199200000000003 0.06900999999999999
3 0.494629 0.0527345 0.04980399999999996 0.074219
3 0.5087889999999999 0.222005 0.04882799999999998 0.123698
3 0.523438 0.31575549999999997 0.062499999999999944 0.10807300000000003
3 0.527344 0.15039049999999998 0.05273399999999995 0.079427
3 0.529297 0.050781 0.056640000000000024 0.101562
3 0.5336915 0.0839845 0.04199299999999995 0.08203099999999999
3 0.5498045 0.5052085 0.06054700000000002 0.28645899999999996
3 0.580078 0.5266925 0.09765599999999997 0.32942699999999997
3 0.5561525 0.23242200000000002 0.04589900000000002 0.092448
3 0.5766605 0.3183595 0.053711000000000064 0.11067699999999997
3 0.571777 0.0872395 0.04199200000000003 0.08854099999999998
3 0.6230469999999999 0.583333 0.11132799999999998 0.34114599999999995
3 0.6025395 0.231771 0.046875 0.0625
3 0.6069335 0.1477865 0.02832100000000004 0.084635
3 0.6191405 0.3222655 0.041015000000000024 0.121093
3 0.645996 0.5540365 0.09472599999999998 0.256511
3 0.6220699999999999 0.0651045 0.04492200000000002 0.078125
3 0.6499025 0.228516 0.04785099999999998 0.09765599999999999
3 0.6694335 0.48958349999999995 0.07128899999999994 0.19270899999999996
3 0.6708985 0.0397135 0.046875 0.079427
3 0.6679685 0.092448 0.03710899999999995 0.09895799999999999
3 0.6860355 0.283203 0.06738299999999997 0.11328199999999997
3 0.6875 0.375651 0.06054599999999999 0.11848999999999998
3 0.6967775 0.236328 0.04980499999999999 0.09244800000000003
3 0.7041014999999999 0.1868485 0.035156999999999994 0.07942700000000003
3 0.716797 0.095052 0.05273400000000006 0.10156199999999999
3 0.7299805 0.322266 0.06542899999999996 0.160156
3 0.7211915 0.0234375 0.018554999999999988 0.039063
3 0.7412110000000001 0.5527345 0.04882799999999998 0.300781
3 0.76416 0.5520835 0.09472599999999998 0.333333
3 0.7578125 0.11067750000000001 0.07421900000000003 0.10937500000000001
3 0.755371 0.2044275 0.045897999999999994 0.078125
3 0.763672 0.2688805 0.04101599999999994 0.076823
3 0.7753909999999999 0.327474 0.04882799999999998 0.12369799999999997
3 0.7739255 0.13606800000000002 0.04394500000000001 0.05859400000000001
3 0.7861325 0.046875 0.05664099999999994 0.09375
3 0.8256835 0.311849 0.07128899999999994 0.126302
3 0.8198245 0.3639325 0.04980499999999999 0.08203099999999997
3 0.8193360000000001 0.0527345 0.03906200000000004 0.074219
3 0.8271485000000001 0.136719 0.05273500000000009 0.091146
3 0.8442385 0.239583 0.040038999999999936 0.09375
3 0.854492 0.045573 0.04882799999999998 0.08073
3 0.8569335 0.3326825 0.04394500000000001 0.11067700000000003
3 0.8872070000000001 0.597656 0.09863199999999994 0.32031200000000004
3 0.910156 0.559896 0.09375 0.315104
3 0.888672 0.359375 0.04101599999999994 0.09114599999999995
3 0.891113 0.121745 0.045897999999999994 0.08984400000000001
3 0.9091800000000001 0.3899735 0.04492200000000002 0.11067699999999997
3 0.9160159999999999 0.2447915 0.04882799999999998 0.11718700000000001
3 0.9233395 0.063151 0.040038999999999936 0.08724000000000001
3 0.9404295 0.3652345 0.050780999999999965 0.10546899999999998
3 0.941406 0.169271 0.04882799999999998 0.05729200000000001
3 0.9536135 0.24869799999999997 0.07128899999999994 0.11458399999999999
3 0.9653320000000001 0.5774735 0.06738199999999994 0.298177
3 0.957031 0.0533855 0.035155999999999965 0.106771
3 0.9570315 0.1484375 0.03320299999999998 0.075521
3 0.984375 0.0546875 0.02929599999999999 0.109375
