3 0.0165625 0.64 0.033125 0.35999999999999993
3 0.1453125 0.605 0.05937499999999998 0.293334
3 0.24062499999999998 0.590417 0.035 0.24250000000000005
3 0.308125 0.575 0.036250000000000004 0.21499999999999997
3 0.361875 0.6354165 0.07625000000000004 0.33583299999999994
3 0.4865625 0.5733334999999999 0.05687500000000001 0.19833299999999998
3 0.5846875 0.5629165 0.04437500000000005 0.17416700000000002
3 0.6725 0.57125 0.04875000000000007 0.17416599999999993
3 0.7893749999999999 0.57375 0.04749999999999999 0.18250000000000005
3 0.9340625 0.592917 0.021874999999999978 0.21750000000000003
3 0.9671875000000001 0.614583 0.020625000000000004 0.2675
3 0.98375 0.7075 0.03125 0.34666600000000003
