3 0.0871875 0.29625 0.123125 0.440834
3 0.16593750000000002 0.2804165 0.06062500000000001 0.23416700000000001
3 0.24375000000000002 0.19874999999999998 0.04125000000000004 0.0875
3 0.29625 0.1754165 0.07874999999999999 0.12416699999999999
3 0.3434375 0.1666665 0.030625000000000013 0.068333
3 0.7559374999999999 0.1166665 0.024374999999999925 0.036667000000000005
3 0.8625 0.19083299999999997 0.03125 0.12499999999999997
3 0.959375 0.185 0.04125000000000001 0.11666599999999999
3 0.961875 0.11750000000000001 0.036250000000000004 0.04166600000000001
3 0.9878125 0.166667 0.023125000000000062 0.105
