3 0.86625 0.59375 0.18625000000000003 0.6958340000000001
3 0.4996875 0.5633335 0.999375 0.716667
3 0.0309375 0.21666649999999998 0.026874999999999996 0.03666699999999998
3 0.08 0.2266665 0.035 0.046666999999999986
3 0.34750000000000003 0.21166649999999998 0.02999999999999997 0.046666999999999986
3 0.52375 0.2020835 0.07500000000000001 0.07916699999999999
5 0.080625 0.10875 0.16125 0.2175
5 0.1590625 0.1091665 0.09187499999999998 0.218333
5 0.553125 0.1016665 0.49500000000000005 0.203333
5 0.4 0.1058335 0.16499999999999998 0.20333299999999999
5 0.421875 0.0279165 0.18625000000000003 0.055833
5 0.595 0.11625 0.20125000000000004 0.2325
5 0.74375 0.08666650000000001 0.07499999999999996 0.161667
5 0.860625 0.1179165 0.12250000000000005 0.235833
