6 0.084375 0.4706425 0.0049999999999999906 0.014678999999999998
6 0.10875 0.4706425 0.0050000000000000044 0.014678999999999998
6 0.194375 0.48578 0.0050000000000000044 0.022936000000000012
6 0.31375 0.409633 0.00874999999999998 0.028439999999999965
6 0.35531250000000003 0.4215595 0.013124999999999998 0.033945
6 0.44437499999999996 0.49220200000000003 0.007500000000000007 0.03945000000000004
6 0.526875 0.4940365 0.006249999999999978 0.017430999999999974
6 0.5393749999999999 0.4990825 0.0050000000000000044 0.011008999999999991
6 0.7181249999999999 0.4811925 0.006249999999999978 0.028440999999999994
6 0.8975 0.4857795 0.008750000000000036 0.033945
