3 0.6003125 0.8992305 0.021874999999999978 0.06923099999999993
3 0.661875 0.9299999999999999 0.04249999999999998 0.13692399999999993
3 0.71375 0.9246155 0.050000000000000044 0.14769299999999996
3 0.73125 0.8838465 0.012500000000000067 0.050769000000000064
3 0.9409375 0.9192309999999999 0.11687500000000006 0.158462
1 0.410625 0.8946155 0.09749999999999998 0.08769300000000002
1 0.49124999999999996 0.8815385 0.09249999999999997 0.09538500000000005
1 0.556875 0.8992305 0.05875000000000008 0.10307699999999997
1 0.7518750000000001 0.8823075 0.04500000000000004 0.050769000000000064
1 0.8425 0.9215385 0.08250000000000002 0.15384699999999996
