5 0.1459375 0.5826370000000001 0.291875 0.28690800000000005
5 0.4996875 0.3718665 0.999375 0.34447500000000003
5 0.1990625 0.860724 0.32937500000000003 0.276694
5 0.235 0.505571 0.255 0.40018599999999993
5 0.1565625 0.6016714999999999 0.079375 0.22284099999999996
5 0.21687499999999998 0.6114205 0.01999999999999999 0.11606300000000003
5 0.2528125 0.4916435 0.040624999999999994 0.34447500000000003
5 0.2640625 0.51532 0.02562500000000001 0.24326800000000004
5 0.29374999999999996 0.5561745 0.03875000000000001 0.161559
5 0.338125 0.5320335 0.04999999999999999 0.22841300000000003
5 0.39625 0.3351905 0.14625 0.5998150000000001
5 0.46875 0.41272050000000005 0.05500000000000005 0.281337
5 0.59625 0.3560815 0.255 0.38718700000000006
5 0.526875 0.38022300000000003 0.10249999999999998 0.31662
5 0.5800000000000001 0.362117 0.036250000000000004 0.367688
5 0.6140625 0.458217 0.045624999999999916 0.18663000000000002
5 0.6428125 0.408542 0.08062499999999995 0.278552
5 0.7096875 0.446611 0.026874999999999982 0.20241400000000004
5 0.7715624999999999 0.4990715 0.08437499999999998 0.10120700000000005
5 0.8690625000000001 0.360724 0.260625 0.35375999999999996
5 0.8753124999999999 0.4461465 0.02312499999999995 0.10863500000000004
5 0.8971875 0.42571950000000003 0.02312499999999995 0.13649099999999997
5 0.9121874999999999 0.415042 0.02937500000000004 0.154132
5 0.934375 0.39043649999999996 0.036250000000000004 0.18848700000000002
5 0.973125 0.332405 0.05249999999999999 0.28598
