3 0.7734375 0.660546 0.055625000000000036 0.11958599999999997
3 0.83875 0.6619585 0.03875000000000006 0.139359
5 0.0471875 0.433616 0.094375 0.332392
5 0.0703125 0.4218455 0.06937499999999999 0.06214700000000001
5 0.265 0.467985 0.26875 0.23917199999999994
5 0.1721875 0.40301349999999997 0.044375 0.22033899999999995
5 0.2325 0.413371 0.09125 0.17890799999999996
5 0.2640625 0.2975515 0.12062500000000004 0.359699
5 0.32406250000000003 0.40160049999999997 0.03562499999999996 0.349341
5 0.600625 0.28484 0.525 0.266478
5 0.415 0.37664800000000004 0.04125000000000001 0.306968
5 0.445625 0.38936000000000004 0.04874999999999996 0.36629
5 0.52 0.35357799999999995 0.04624999999999996 0.33050799999999997
5 0.680625 0.359228 0.04749999999999999 0.43408599999999997
5 0.73375 0.3253295 0.043749999999999956 0.36252300000000004
5 0.876875 0.17372900000000002 0.05249999999999999 0.341808
5 0.8884375 0.14877600000000002 0.034375000000000044 0.171374
5 0.9043749999999999 0.187382 0.03375000000000006 0.13371
5 0.963125 0.10922799999999999 0.04625000000000001 0.161958
