6 0.24609399999999998 0.384896 0.0062500000000000056 0.011458000000000024
6 0.2476565 0.293229 0.009375000000000022 0.02604200000000001
6 0.261328 0.29218750000000004 0.013282000000000016 0.02812500000000001
6 0.5527340000000001 0.167708 0.027343999999999924 0.04999999999999999
6 0.733203 0.30625 0.02265600000000001 0.03125
3 0.341797 0.3984375 0.683594 0.05729099999999998
3 0.041016 0.4760415 0.027344 0.07291699999999995
3 0.062891 0.468229 0.027344000000000007 0.08854199999999995
3 0.08984349999999999 0.4625 0.028124999999999997 0.08125000000000004
3 0.1113285 0.459896 0.038280999999999996 0.08645800000000003
3 0.191406 0.4546875 0.012500000000000011 0.07604099999999997
3 0.2121095 0.446875 0.025781 0.09166599999999997
3 0.2371095 0.440104 0.036719 0.09479199999999999
3 0.2746095 0.4453125 0.04453099999999999 0.073959
3 0.31328100000000003 0.4375 0.024999999999999967 0.09999999999999998
3 0.34453100000000003 0.43385450000000003 0.03750000000000003 0.09062500000000001
3 0.45976549999999994 0.4270835 0.08359299999999997 0.09791700000000003
3 0.548828 0.42083349999999997 0.03671800000000003 0.08958300000000002
3 0.575781 0.416146 0.03906199999999993 0.08854200000000001
3 0.6031249999999999 0.4140625 0.02343799999999996 0.082291
7 0.2476565 0.29270850000000004 0.009375000000000022 0.027083000000000024
7 0.26093750000000004 0.2911455 0.007813000000000014 0.028124999999999956
7 0.555469 0.16770800000000002 0.018750000000000044 0.056249999999999994
7 0.7308595 0.3020835 0.019530999999999965 0.022916999999999965
7 0.7414065 0.26927049999999997 0.028124999999999956 0.04062499999999997
1 0.026953 0.4375 0.053906 0.03958399999999995
1 0.133594 0.436979 0.075 0.038541999999999965
1 0.3886715 0.4333335 0.07578099999999999 0.05208299999999999
1 0.5124995 0.421875 0.046875 0.03958399999999995
1 0.589844 0.4151045 0.12656199999999995 0.04062500000000002
1 0.7722655 0.4307295 0.257031 0.19687500000000008
