3 0.1034375 0.9187675 0.074375 0.160597
3 0.2884375 0.884687 0.141875 0.22128799999999993
3 0.40656250000000005 0.5709615 0.27562500000000006 0.21381899999999998
3 0.43 0.9084965 0.10499999999999998 0.18113900000000005
3 0.480625 0.2665735 0.08875 0.352007
3 0.49812500000000004 0.8996265 0.06624999999999998 0.19887900000000003
3 0.5275000000000001 0.8902895 0.06625000000000003 0.206349
3 0.54625 0.38141949999999997 0.05499999999999994 0.333333
3 0.6775 0.8104575 0.15874999999999995 0.3753510000000001
3 0.6637500000000001 0.366013 0.09625000000000006 0.2521
3 0.794375 0.6190475 0.2087500000000001 0.7600370000000001
