3 0.00625 0.45 0.0125 0.04166599999999998
3 0.029687500000000002 0.52 0.054375 0.19166599999999995
3 0.04 0.43291650000000004 0.04625 0.06916700000000003
3 0.0865625 0.510417 0.023125000000000007 0.17249999999999993
3 0.1278125 0.5 0.049375 0.13833399999999996
3 0.166875 0.51125 0.035 0.14916600000000002
3 0.21687499999999998 0.5125 0.056249999999999994 0.20333400000000001
3 0.24593749999999998 0.4483335 0.014374999999999999 0.05833299999999997
3 0.270625 0.4916665 0.03500000000000003 0.10333299999999995
3 0.2859375 0.4666665 0.011874999999999969 0.04333300000000001
3 0.2990625 0.4579165 0.01937500000000003 0.035833000000000004
3 0.3171875 0.448333 0.01937500000000003 0.044999999999999984
3 0.33687500000000004 0.4491665 0.028749999999999998 0.04666699999999996
3 0.3671875 0.5183335 0.05812499999999998 0.153333
3 0.354375 0.45958350000000003 0.01375000000000004 0.04583299999999996
3 0.40531249999999996 0.462917 0.023125000000000007 0.0675
3 0.429375 0.4491665 0.02749999999999997 0.04666699999999996
3 0.4825 0.4920835 0.039999999999999925 0.12583300000000003
3 0.4996875 0.46125000000000005 0.018125000000000058 0.060834
3 0.6365624999999999 0.5575 0.08562499999999995 0.30499999999999994
3 0.6815625000000001 0.4579165 0.018125000000000058 0.035833000000000004
3 0.6971875000000001 0.4620835 0.010624999999999996 0.030833
3 0.7128125 0.4675 0.02562500000000001 0.041666000000000036
3 0.7315625 0.4566665 0.01937499999999992 0.05166699999999996
3 0.7496875000000001 0.466667 0.021874999999999978 0.050000000000000044
3 0.7571874999999999 0.4508335 0.021874999999999978 0.043332999999999955
3 0.7696875 0.4475 0.015625 0.046665999999999985
3 0.7853125000000001 0.4495835 0.02312499999999995 0.025832999999999995
3 0.7865625 0.46625 0.020625000000000004 0.03249999999999997
3 0.8 0.49749999999999994 0.039999999999999925 0.11166599999999999
3 0.8071875 0.4533335 0.02312499999999995 0.04833299999999996
3 0.8221875000000001 0.45375 0.01937500000000003 0.03749999999999998
3 0.8409375 0.45625 0.018124999999999947 0.03249999999999997
3 0.8540625 0.48375 0.014374999999999916 0.10916599999999993
3 0.8821875 0.50625 0.023125000000000062 0.12916600000000006
3 0.9009375 0.49416649999999995 0.024374999999999925 0.10833299999999996
3 0.9215625000000001 0.43625 0.011874999999999969 0.0625
3 0.9234375 0.465 0.008124999999999938 0.056665999999999994
3 0.9446875 0.4375 0.026874999999999982 0.046665999999999985
3 0.9465625 0.43625 0.030625000000000013 0.04083399999999998
2 0.3621875 0.5420835 0.249375 0.19416700000000003
2 0.6478125 0.6170835 0.381875 0.34416699999999995
