1 0.028125 0.29625 0.05625 0.14416600000000002
1 0.0778125 0.208333 0.155625 0.12
1 0.2 0.215 0.3075 0.20333399999999996
1 0.5146875 0.48 0.860625 0.611666
1 0.3503125 0.215 0.300625 0.19666599999999995
1 0.28812499999999996 0.1345835 0.11249999999999999 0.06583300000000002
1 0.360625 0.12416649999999999 0.08124999999999999 0.041666999999999996
1 0.50875 0.153333 0.15500000000000003 0.065
1 0.515625 0.15 0.15125000000000005 0.06833399999999999
1 0.675 0.1533335 0.20375 0.148333
1 0.7475 0.10875 0.028749999999999942 0.027499999999999997
1 0.8981250000000001 0.23583300000000001 0.2025 0.23
1 0.92 0.11624999999999999 0.08374999999999999 0.02916600000000001
