3 0.029297 0.3520835 0.039844 0.04791699999999999
3 0.0863285 0.346875 0.050781 0.066666
3 0.15703099999999998 0.346875 0.056249999999999994 0.05625000000000002
3 0.18164049999999998 0.28541649999999996 0.030468999999999996 0.07083299999999998
3 0.3027345 0.3192705 0.05078100000000002 0.159375
3 0.31562500000000004 0.309375 0.021874000000000005 0.13749999999999998
3 0.6214845 0.34322949999999997 0.050780999999999965 0.09062500000000001
3 0.793359 0.3546875 0.133594 0.11979099999999998
3 0.7679685 0.3671875 0.046875 0.044791000000000025
3 0.8031250000000001 0.2953125 0.02343799999999996 0.051041
3 0.8828125 0.39947900000000003 0.12187499999999996 0.217708
3 0.8691405000000001 0.28437500000000004 0.06171899999999997 0.11041600000000001
3 0.9765625 0.42031250000000003 0.04531299999999994 0.290625
