7 0.0859375 0.5514705 0.08007900000000001 0.341177
1 0.6962889999999999 0.6742645 0.11718799999999996 0.18382299999999996
3 0.193848 0.6610294999999999 0.028320000000000012 0.10735299999999992
3 0.2060545 0.585294 0.023436999999999986 0.05588199999999999
3 0.21435549999999998 0.6595584999999999 0.014648999999999995 0.10735299999999992
3 0.2504885 0.5661765 0.032227000000000006 0.07647099999999996
3 0.2797855 0.5683825 0.012695000000000012 0.06323499999999993
3 0.374512 0.5463235 0.01074200000000003 0.05735299999999999
3 0.3896485 0.55 0.021484999999999976 0.07352999999999998
3 0.38964849999999995 0.498529 0.005859000000000003 0.03529399999999999
3 0.7275389999999999 0.694118 0.021483999999999948 0.13529400000000003
7 0.0966795 0.5529409999999999 0.07031300000000001 0.09999999999999998
7 0.095215 0.45 0.05957 0.09705799999999998
7 0.093262 0.6360295 0.051758 0.051471000000000044
7 0.895508 0.4588235 0.03125 0.055883000000000016
1 0.520996 0.6544114999999999 0.10058600000000006 0.13235300000000005
1 0.6293945000000001 0.6066175 0.262695 0.292647
