5 0.0303125 0.1433335 0.060625 0.286667
5 0.0871875 0.1683335 0.114375 0.336667
5 0.1915625 0.44111100000000003 0.18937500000000002 0.30000000000000004
5 0.164375 0.185 0.0975 0.37
5 0.2946875 0.2966665 0.224375 0.5666669999999999
5 0.278125 0.31 0.09624999999999997 0.28
5 0.4790625 0.277222 0.219375 0.554444
5 0.583125 0.2466665 0.20625000000000004 0.493333
5 0.6875 0.2694445 0.20999999999999996 0.538889
5 0.7784375 0.1894445 0.12812500000000004 0.298889
5 0.8887499999999999 0.2555555 0.22125000000000006 0.488889
5 0.8725 0.256667 0.09875 0.477778
