3 0.26749999999999996 0.5553125 0.236666 0.398125
3 0.38625 0.5153125 0.1825 0.33812499999999995
3 0.46125 0.4615625 0.16916600000000004 0.285625
3 0.579583 0.6334375 0.2775 0.556875
3 0.518333 0.441875 0.05499999999999999 0.17124999999999996
3 0.6445829999999999 0.379375 0.057499999999999996 0.15875
3 0.72 0.49125 0.17500000000000004 0.41000000000000003
3 0.8087500000000001 0.4375 0.03416600000000003 0.24750000000000005
3 0.9020835 0.49312500000000004 0.19416699999999998 0.21875000000000006
3 0.957917 0.630625 0.08250000000000002 0.1825
