5 0.0695835 0.9221874999999999 0.139167 0.1518750000000001
5 0.29541649999999997 0.8715625 0.325833 0.255625
5 0.495417 0.8825000000000001 0.24249999999999994 0.23375
5 0.7224999999999999 0.8690625000000001 0.286666 0.25812500000000005
5 0.67 0.7059375 0.063334 0.06812499999999999
5 0.7224999999999999 0.6837500000000001 0.05500000000000005 0.05500000000000005
5 0.7679165 0.6803125 0.05916699999999997 0.04812499999999997
5 0.89625 0.845 0.20583400000000007 0.30874999999999997
5 0.835 0.680625 0.066666 0.08875
5 0.8783335000000001 0.6615625 0.05166700000000002 0.05812500000000009
5 0.91125 0.6653125 0.02750000000000008 0.04437500000000005
5 0.9645835 0.674375 0.06916699999999998 0.08750000000000002
