3 0.4165625 0.6325000000000001 0.20687500000000003 0.643334
5 0.255 0.419583 0.15125 0.48749999999999993
3 0.5393749999999999 0.6291665 0.07500000000000007 0.303333
3 0.576875 0.536667 0.06499999999999995 0.21500000000000002
3 0.6209374999999999 0.57125 0.05437499999999995 0.125834
3 0.71375 0.5891664999999999 0.03875000000000006 0.10333300000000001
3 0.7809375 0.5687500000000001 0.02562500000000001 0.10750000000000004
3 0.846875 0.576667 0.04125000000000001 0.05999999999999994
5 0.076875 0.3191665 0.15375 0.631667
5 0.46062499999999995 0.386667 0.27999999999999997 0.44999999999999996
