5 0.72125 0.6185325 0.13 0.20037700000000003
5 0.0903125 0.6382875 0.180625 0.1984950000000001
5 0.20875 0.6119475000000001 0.05374999999999999 0.170273
5 0.285625 0.6020695 0.10500000000000001 0.223895
5 0.34625 0.6486355 0.07250000000000001 0.134525
5 0.4309375 0.6514585 0.11437499999999995 0.063029
5 0.505 0.632173 0.09874999999999995 0.148636
5 0.6171875 0.5983065000000001 0.12062499999999998 0.22389500000000007
5 0.8262499999999999 0.6284099999999999 0.09750000000000003 0.16745
5 0.8934375000000001 0.6208845000000001 0.073125 0.22953900000000005
5 0.9578125 0.6147695 0.08187500000000003 0.26058299999999995
