5 0.24875 0.306667 0.1375 0.38
5 0.4996875 0.1494445 0.999375 0.298889
5 0.0490625 0.2883335 0.08562499999999999 0.225555
5 0.1178125 0.30888899999999997 0.071875 0.257778
5 0.1703125 0.3772225 0.02812500000000001 0.11666700000000002
5 0.36031250000000004 0.333889 0.070625 0.10777799999999998
5 0.3765625 0.3055555 0.02562500000000001 0.11333299999999999
5 0.40031249999999996 0.32499999999999996 0.029374999999999984 0.07444400000000001
5 0.4425 0.29055549999999997 0.0625 0.143333
5 0.49375 0.2916665 0.08374999999999999 0.15888900000000003
5 0.5615625 0.3316665 0.03937500000000005 0.06555499999999997
5 0.5884375 0.266111 0.041874999999999996 0.22555599999999998
5 0.6359375 0.272778 0.08562499999999995 0.312222
5 0.6840625 0.23833349999999998 0.06437500000000007 0.338889
5 0.7196875 0.2805555 0.03562500000000002 0.14555500000000002
5 0.799375 0.1783335 0.09249999999999992 0.31444500000000003
5 0.90125 0.2294445 0.10375000000000001 0.24333300000000002
5 0.9312499999999999 0.193889 0.07999999999999996 0.263334
