5 0.8084375 0.378987 0.328125 0.71107
5 0.4996875 0.5168855 0.999375 0.373359
5 0.0753125 0.685272 0.118125 0.10225200000000001
5 0.125625 0.682458 0.04500000000000001 0.10787999999999998
5 0.2028125 0.708255 0.03937499999999999 0.060038000000000036
5 0.24375000000000002 0.478893 0.016250000000000014 0.019699999999999995
5 0.24843749999999998 0.58818 0.02562499999999998 0.065666
5 0.3265625 0.6655725 0.179375 0.11913700000000005
5 0.2525 0.5239214999999999 0.006249999999999978 0.03658499999999998
5 0.2753125 0.509381 0.030625000000000013 0.015009999999999968
5 0.2840625 0.5361165 0.020625000000000004 0.027204999999999924
5 0.3265625 0.5806754999999999 0.030624999999999958 0.05816100000000002
5 0.3409375 0.5389305 0.016874999999999973 0.04784299999999997
5 0.37875000000000003 0.5834895 0.014999999999999958 0.035646999999999984
5 0.46875 0.5933395 0.10749999999999998 0.274859
5 0.5984375 0.5469040000000001 0.03187499999999999 0.0637899999999999
