7 0.50375 0.23531249999999998 0.22083400000000003 0.259375
5 0.05125 0.55125 0.1025 0.14875
5 0.0979165 0.3440625 0.195833 0.540625
5 0.244167 0.5753125 0.20500000000000002 0.14187499999999997
5 0.43875 0.40093749999999995 0.575834 0.47312499999999996
5 0.704167 0.5240625 0.255 0.25062500000000004
5 0.840417 0.534375 0.12750000000000006 0.16625000000000006
5 0.9245835 0.5128125 0.14916700000000005 0.22562499999999996
5 0.927917 0.548125 0.14250000000000007 0.13499999999999995
5 0.95875 0.43625 0.08083400000000007 0.13999999999999996
