5 0.034687499999999996 0.6120829999999999 0.018125 0.022500000000000075
5 0.13718750000000002 0.571667 0.016875 0.020000000000000018
5 0.2209375 0.5675 0.021875000000000006 0.046666000000000096
5 0.2690625 0.54125 0.03562500000000002 0.07250000000000001
5 0.295625 0.5475 0.013749999999999984 0.040000000000000036
5 0.47281249999999997 0.52875 0.014374999999999971 0.030833999999999917
5 0.6984375 0.49 0.024374999999999925 0.05833400000000005
5 0.7153125 0.4966665 0.01937500000000003 0.038333000000000006
5 0.780625 0.4916665 0.05125000000000002 0.11666700000000002
5 0.8115625 0.46749999999999997 0.046875 0.13166599999999995
5 0.8534375000000001 0.48750000000000004 0.02937500000000004 0.06333400000000006
5 0.8840625 0.47791700000000004 0.028124999999999956 0.1175
5 0.9181250000000001 0.4966665 0.036250000000000004 0.088333
