3 0.8975 0.26625 0.125 0.379166
3 0.01 0.2045835 0.02 0.025832999999999995
3 0.030625 0.20291700000000001 0.007500000000000003 0.022499999999999992
3 0.0428125 0.19874999999999998 0.011875000000000004 0.027499999999999997
3 0.050625 0.20291700000000001 0.011250000000000003 0.022499999999999992
3 0.14375 0.1954165 0.036250000000000004 0.064167
3 0.2328125 0.1945835 0.015625 0.04416700000000001
3 0.2434375 0.2229165 0.02437499999999998 0.11916699999999997
3 0.36312500000000003 0.179583 0.04124999999999995 0.0625
3 0.3603125 0.19 0.020625000000000004 0.04166599999999998
3 0.9768749999999999 0.14375 0.04500000000000004 0.085834
1 0.1321875 0.3216665 0.264375 0.21833300000000003
1 0.498125 0.5679165 0.96125 0.755833
1 0.7196875 0.3258335 0.559375 0.261667
1 0.90625 0.2416665 0.18625000000000003 0.13833300000000004
