5 0.955625 0.252497 0.07750000000000001 0.400666
5 0.2653125 0.325194 0.530625 0.650388
5 0.284375 0.3673695 0.06125000000000003 0.097669
5 0.39625 0.5088795 0.04999999999999999 0.136515
5 0.4821875 0.517203 0.026874999999999982 0.05771399999999999
5 0.49250000000000005 0.4567145 0.04250000000000004 0.06326300000000001
5 0.5509375000000001 0.49778049999999996 0.030625000000000013 0.06770300000000001
5 0.668125 0.44894599999999996 0.14749999999999996 0.03440599999999999
5 0.6278125 0.4223085 0.023125000000000062 0.04106499999999996
5 0.6775 0.417869 0.053749999999999964 0.05882399999999999
5 0.794375 0.38790250000000004 0.13374999999999992 0.138735
5 0.900625 0.40898999999999996 0.036250000000000004 0.06770199999999998
