5 0.0992185 0.7578125 0.198437 0.2406250000000001
5 0.0484375 0.5460940000000001 0.06875099999999999 0.06093800000000005
5 0.08203099999999999 0.45234399999999997 0.023438 0.02656200000000003
5 0.10859350000000001 0.616406 0.05781300000000002 0.09531200000000006
5 0.12265599999999999 0.4585935 0.032811999999999994 0.03281299999999998
5 0.1460935 0.6101565 0.051563 0.07656299999999994
5 0.194531 0.427344 0.11093800000000001 0.05468799999999996
5 0.190625 0.632031 0.056249999999999994 0.06718800000000003
5 0.2179685 0.50625 0.06093699999999999 0.08437399999999995
5 0.3789065 0.721094 0.33593700000000004 0.423438
5 0.611719 0.469531 0.548438 0.939062
5 0.3625 0.5171875 0.028125999999999984 0.078125
5 0.5460935 0.5953125 0.31718699999999994 0.16249899999999995
5 0.46015649999999997 0.7828125 0.12343699999999996 0.34062499999999996
5 0.5484375 0.8 0.13437499999999997 0.2875
5 0.6921875 0.7960940000000001 0.19062499999999993 0.30468799999999996
