5 0.3125 0.4122025 0.566964 0.824405
5 0.043527 0.620536 0.087054 0.1875
5 0.23102650000000002 0.6741075 0.14062500000000003 0.169643
5 0.3046875 0.6428575000000001 0.046875 0.17261899999999997
5 0.3995535 0.6622025 0.066965 0.16369100000000003
5 0.5580355 0.6443455 0.22767900000000002 0.19940500000000005
5 0.6685265 0.639881 0.07366099999999998 0.25
5 0.754464 0.629464 0.06696400000000002 0.21726199999999996
5 0.8694195 0.6398809999999999 0.05580300000000005 0.19047599999999998
5 0.9453125 0.6145835 0.10491099999999998 0.24107099999999998
