3 0.183125 0.765261 0.0675 0.256382
1 0.889375 0.7114320000000001 0.16874999999999996 0.11320800000000009
3 0.12593749999999998 0.7447280000000001 0.061874999999999986 0.29078799999999994
3 0.3253125 0.682575 0.026874999999999982 0.15760200000000002
3 0.3503125 0.6825745000000001 0.02812500000000001 0.15316300000000005
3 0.38093750000000004 0.670921 0.018125000000000002 0.10765800000000003
3 0.3953125 0.6853495000000001 0.026874999999999982 0.13651500000000005
3 0.425 0.662042 0.011249999999999982 0.07436200000000004
3 0.4359375 0.662042 0.010624999999999996 0.06992200000000004
3 0.4596875 0.6564924999999999 0.021875000000000033 0.06326299999999996
3 0.4928125 0.6570475 0.014375000000000027 0.07991100000000007
1 0.6487499999999999 0.6886795 0.14125 0.114317
1 0.7596875000000001 0.685905 0.073125 0.09101000000000004
1 0.7471875 0.6437295000000001 0.013125000000000053 0.011099000000000081
1 0.8009375 0.672031 0.028124999999999956 0.04994399999999999
1 0.8165625000000001 0.645394 0.02312499999999995 0.04106600000000005
1 0.884375 0.6437295000000001 0.03125 0.02885700000000002
