3 0.0440625 0.544167 0.088125 0.415
3 0.0696875 0.3016665 0.079375 0.093333
3 0.10468749999999999 0.555 0.138125 0.44833400000000007
3 0.1240625 0.29041649999999997 0.06312500000000001 0.13916699999999999
3 0.1828125 0.28041649999999996 0.08812499999999998 0.08083299999999999
3 0.1959375 0.3258335 0.08312499999999998 0.166667
3 0.2634375 0.2883335 0.081875 0.10666700000000001
3 0.3675 0.304583 0.08250000000000002 0.12250000000000003
3 0.6234375000000001 0.2854165 0.13687499999999997 0.07916700000000002
3 0.60375 0.5275 0.09250000000000003 0.351666
3 0.6174999999999999 0.28375 0.06874999999999998 0.07083399999999998
3 0.639375 0.22958299999999998 0.04749999999999999 0.06249999999999997
3 0.694375 0.3670835 0.07250000000000001 0.13416700000000004
3 0.7140625 0.5429165 0.09687499999999993 0.40916700000000006
3 0.793125 0.239583 0.08374999999999999 0.08249999999999999
3 0.795625 0.32875 0.07874999999999999 0.07750000000000001
3 0.818125 0.5325 0.12125000000000008 0.40666599999999997
3 0.9137500000000001 0.531667 0.11124999999999996 0.395
3 0.935625 0.301667 0.08250000000000002 0.14500000000000002
