5 0.4421875 0.480983 0.10812500000000003 0.5847859999999999
5 0.0334375 0.49207599999999996 0.066875 0.30269399999999996
5 0.0925 0.477813 0.04625 0.305864
5 0.14406249999999998 0.48256750000000004 0.076875 0.296355
5 0.553125 0.4992075 0.8925000000000001 0.998415
5 0.2134375 0.5958795 0.070625 0.13946100000000006
5 0.2021875 0.467512 0.044375 0.12995199999999996
5 0.2640625 0.492076 0.076875 0.3343900000000001
5 0.3103125 0.560222 0.09187499999999998 0.24881200000000003
5 0.6715625000000001 0.386688 0.42562500000000003 0.773376
5 0.6171875 0.4524565 0.18562499999999993 0.562599
5 0.7628125 0.45641849999999995 0.22312500000000002 0.633915
