5 0.822754 0.5239565 0.25293 0.590417
5 0.019043 0.37789799999999996 0.038086 0.131376
5 0.06933600000000001 0.412674 0.03515600000000001 0.040186
5 0.1215825 0.4080375 0.05371099999999998 0.08037099999999997
5 0.25439449999999997 0.4404945 0.176757 0.513137
5 0.40283199999999997 0.523957 0.131836 0.451314
5 0.4838865 0.40958249999999996 0.02636700000000003 0.055640999999999996
5 0.5063475 0.4180835 0.03027299999999994 0.06336900000000001
5 0.5668945 0.3987635 0.03613299999999997 0.03709499999999999
5 0.599121 0.370943 0.030274000000000023 0.04636800000000002
5 0.6474610000000001 0.374034 0.04882799999999998 0.098918
5 0.680664 0.36476 0.03320400000000001 0.08346199999999998
