5 0.1704545 0.0884615 0.325325 0.16923100000000002
5 0.080519 0.582051 0.09999999999999999 0.15384599999999993
5 0.180844 0.576282 0.048701999999999995 0.147436
5 0.19025999999999998 0.651923 0.022078000000000014 0.039744
5 0.237013 0.6570515 0.018181999999999976 0.07051300000000005
5 0.2496755 0.5903845000000001 0.04350699999999996 0.07820499999999997
5 0.263312 0.6179490000000001 0.024025999999999992 0.05384599999999995
5 0.3185065 0.536538 0.018830999999999987 0.052563999999999944
5 0.4987015 0.6205125 0.328571 0.22051299999999996
5 0.4737015 0.09487150000000001 0.273377 0.171795
5 0.542208 0.6583334999999999 0.07142800000000005 0.11923099999999998
5 0.615909 0.6102565 0.057791999999999955 0.21538499999999994
5 0.645779 0.5961540000000001 0.03960999999999992 0.16153800000000007
5 0.832792 0.101282 0.32402600000000004 0.179488
5 0.6944805000000001 0.524359 0.044805000000000095 0.033333999999999975
5 0.8198055 0.553205 0.06298700000000002 0.03461600000000009
5 0.8224025 0.5897435 0.044804999999999984 0.058975
