5 0.011875 0.439933 0.02375 0.16129
5 0.0390625 0.5606225 0.06937499999999999 0.09343699999999999
5 0.1396875 0.40545050000000005 0.165625 0.40823100000000007
5 0.2471875 0.4021135 0.05812499999999998 0.16796499999999998
5 0.3296875 0.394327 0.174375 0.352614
5 0.3990625 0.2964405 0.135625 0.24805299999999997
5 0.5240625 0.37764200000000003 0.17562499999999992 0.314794
5 0.4603125 0.29977750000000003 0.02812500000000001 0.06340300000000004
5 0.5696875 0.22636250000000002 0.12812500000000004 0.228031
5 0.6499999999999999 0.4126805 0.10999999999999999 0.258065
5 0.7275 0.352058 0.05500000000000005 0.09677399999999997
5 0.8009375000000001 0.46051149999999996 0.12687499999999996 0.17575099999999994
5 0.7737499999999999 0.3598445 0.05500000000000005 0.11234699999999997
5 0.8659375 0.312013 0.13187499999999996 0.147942
5 0.8731249999999999 0.42936599999999997 0.05874999999999997 0.17352599999999996
5 0.946875 0.37875400000000004 0.08624999999999994 0.139044
5 0.9493750000000001 0.45661850000000004 0.06999999999999995 0.150167
5 0.9593750000000001 0.28476100000000004 0.07999999999999996 0.171302
