3 0.70625 0.608349 0.07124999999999992 0.38180200000000003
3 0.16875 0.6346149999999999 0.017499999999999988 0.130394
3 0.19093749999999998 0.6393059999999999 0.024375000000000008 0.13602199999999998
3 0.2103125 0.6364915 0.02687500000000001 0.137899
3 0.244375 0.64212 0.02874999999999997 0.11538400000000004
3 0.28593749999999996 0.633677 0.03437499999999999 0.15103199999999994
3 0.344375 0.630863 0.05625000000000002 0.25422200000000006
3 0.42125 0.6407130000000001 0.06874999999999998 0.29643600000000003
3 0.500625 0.6266415000000001 0.06624999999999992 0.31519700000000006
3 0.5449999999999999 0.639775 0.05500000000000005 0.309568
3 0.6109374999999999 0.6163225 0.08187500000000003 0.33583500000000005
