3 0.25625 0.5309375000000001 0.18249999999999997 0.17312500000000003
3 0.1925 0.8325 0.026665999999999995 0.05125000000000002
3 0.2629165 0.811875 0.09583300000000003 0.08499999999999996
3 0.3154165 0.8975 0.11416700000000002 0.04125000000000001
3 0.7233335 0.531875 0.13166699999999998 0.12000000000000005
3 0.7258335 0.8768750000000001 0.018332999999999933 0.04500000000000004
3 0.7516665 0.8596874999999999 0.03833299999999995 0.09187500000000004
3 0.7891665 0.8775 0.036667000000000005 0.032500000000000084
3 0.7891665 0.8325 0.01333300000000004 0.02749999999999997
3 0.905417 0.8206249999999999 0.08250000000000002 0.15000000000000002
3 0.8941665000000001 0.536875 0.018333000000000044 0.02750000000000008
3 0.9191665 0.541875 0.018332999999999933 0.02750000000000008
3 0.9416665 0.515 0.013332999999999928 0.05125000000000002
3 0.9758335 0.5890625 0.031667 0.03937500000000005
