3 0.096875 0.7860720000000001 0.08125000000000002 0.289408
3 0.1621875 0.796914 0.044375 0.24270199999999997
3 0.2028125 0.7952459999999999 0.045625 0.291076
3 0.2634375 0.7668895 0.05312499999999998 0.206005
3 0.33906250000000004 0.7339450000000001 0.033125000000000016 0.05504600000000004
3 0.3453125 0.73186 0.011875000000000024 0.03753200000000001
3 0.41500000000000004 0.8098415 0.08000000000000002 0.14512100000000006
3 0.428125 0.7502085000000001 0.03375 0.03586300000000009
3 0.431875 0.7773145 0.03500000000000003 0.10508699999999993
3 0.4809375 0.8098415 0.06687500000000002 0.15512900000000007
3 0.5662499999999999 0.7806504999999999 0.04874999999999996 0.083403
3 0.5874999999999999 0.7677229999999999 0.02749999999999997 0.06088400000000005
3 0.609375 0.769808 0.03875000000000006 0.04837400000000003
3 0.6684375 0.6651374999999999 0.013125000000000053 0.029191000000000078
3 0.709375 0.6626354999999999 0.09499999999999997 0.032527000000000084
3 0.6971875000000001 0.7693909999999999 0.03187499999999999 0.06422000000000005
3 0.6856249999999999 0.6684734999999999 0.0050000000000000044 0.022519000000000067
3 0.7196875 0.7456210000000001 0.02562500000000001 0.05004200000000003
3 0.7184375000000001 0.7598 0.016875000000000084 0.06005000000000005
3 0.743125 0.7677229999999999 0.04125000000000001 0.045872000000000024
3 0.7415625 0.6672225 0.0068749999999999645 0.040033000000000096
3 0.7453125 0.6634694999999999 0.009375000000000022 0.032527000000000084
3 0.868125 0.711426 0.028749999999999942 0.04503799999999991
3 0.8653124999999999 0.7197665 0.011874999999999969 0.045036999999999994
3 0.9146875 0.7572975 0.03312500000000007 0.09507900000000002
3 0.948125 0.7710595 0.04875000000000007 0.15262700000000007
3 0.9371875000000001 0.7522935 0.021874999999999978 0.09507900000000002
5 0.506875 0.42535449999999997 0.6875 0.623853
5 0.9221874999999999 0.38031699999999996 0.15437500000000004 0.710592
