3 0.2759375 0.734583 0.254375 0.4225
3 0.15375 0.6583334999999999 0.12 0.093333
3 0.1415625 0.6791665 0.08812500000000001 0.093333
3 0.4384375 0.6920835000000001 0.09312500000000001 0.12583299999999997
3 0.4503125 0.6745829999999999 0.059374999999999956 0.14249999999999996
3 0.565 0.7025 0.27375000000000005 0.36333400000000005
3 0.5525 0.5525 0.04125000000000001 0.14000000000000007
3 0.6303125 0.635 0.0681250000000001 0.08499999999999996
3 0.655 0.609583 0.03749999999999998 0.13250000000000006
3 0.708125 0.6195835000000001 0.040000000000000036 0.10083300000000006
3 0.7421875 0.733333 0.10812500000000003 0.11499999999999999
3 0.7328125 0.6204164999999999 0.059374999999999956 0.07583299999999993
3 0.7821875 0.5708329999999999 0.04937500000000006 0.05500000000000005
3 0.8021875 0.620417 0.03437499999999993 0.10749999999999993
3 0.8159375 0.6283335 0.059374999999999956 0.11833300000000002
3 0.8009375 0.5358335 0.016874999999999973 0.05833299999999997
3 0.8362499999999999 0.572083 0.04625000000000001 0.07250000000000001
3 0.87625 0.69875 0.11124999999999996 0.17083399999999993
3 0.8590625000000001 0.54375 0.014374999999999916 0.08750000000000002
3 0.8665625 0.54625 0.016874999999999973 0.08583399999999997
3 0.8865624999999999 0.5670835 0.018125000000000058 0.05583300000000002
3 0.910625 0.5670835000000001 0.03749999999999998 0.044166999999999956
3 0.9346875 0.59625 0.046875 0.040833999999999926
3 0.9428125 0.5695835 0.021874999999999978 0.029166999999999943
3 0.963125 0.5729165 0.03374999999999995 0.06416699999999997
3 0.9771875 0.6275 0.04437500000000005 0.10999999999999999
3 0.985625 0.7445835000000001 0.02749999999999997 0.06916700000000009
3 0.9896875 0.5729165 0.01937500000000003 0.06416699999999997
