3 0.190625 0.77 0.10624999999999998 0.39166600000000007
3 0.27375 0.6933335 0.06374999999999997 0.251667
3 0.476875 0.3925 0.07750000000000001 0.20833400000000002
3 0.515625 0.338333 0.04125000000000001 0.10999999999999999
3 0.5449999999999999 0.4275 0.07750000000000001 0.31
3 0.5715625 0.332083 0.026874999999999982 0.11249999999999999
3 0.5915625 0.30791650000000004 0.023125000000000062 0.06416700000000003
3 0.621875 0.3595835 0.08250000000000002 0.30416699999999997
3 0.6753125 0.4191665 0.150625 0.463333
3 0.7365625 0.2625 0.05687500000000001 0.156666
3 0.8115625 0.222917 0.09812500000000002 0.23249999999999998
3 0.8859375 0.342917 0.145625 0.4925
