5 0.0746875 0.35125 0.134375 0.3175
0 0.5284375 0.482083 0.41687499999999994 0.3175
5 0.1446875 0.37375 0.09937499999999999 0.189166
5 0.24843749999999998 0.2925 0.13062499999999996 0.10999999999999999
5 0.2209375 0.40958300000000003 0.05812500000000001 0.1275
5 0.2934375 0.3829165 0.09437500000000001 0.13916700000000004
5 0.7825 0.155 0.43374999999999997 0.31
5 0.7403124999999999 0.4358335 0.021874999999999978 0.048333000000000015
5 0.7634375 0.4345835 0.024375000000000036 0.06416699999999997
5 0.7771874999999999 0.438333 0.02312499999999995 0.03999999999999998
5 0.7887500000000001 0.40708350000000004 0.036250000000000004 0.090833
5 0.8184374999999999 0.3820835 0.04937500000000006 0.12416699999999997
5 0.8721875 0.37875000000000003 0.09187499999999993 0.14750000000000002
5 0.9884375000000001 0.332917 0.021874999999999978 0.0675
