3 0.046589 0.723125 0.093178 0.5525
3 0.1206325 0.6753125 0.241265 0.449375
3 0.0415975 0.4275 0.049917 0.03749999999999998
3 0.580699 0.5609375 0.836938 0.266875
3 0.28411000000000003 0.6153124999999999 0.165558 0.301875
3 0.346506 0.5859375 0.10066599999999998 0.26812499999999995
3 0.4758735 0.624375 0.10482500000000006 0.29375
3 0.5661400000000001 0.6228125 0.18386000000000002 0.34187499999999993
3 0.7275375 0.5728125000000001 0.07903500000000008 0.22562500000000002
3 0.8664725 0.6246875000000001 0.232113 0.40312500000000007
3 0.801165 0.615625 0.09983399999999998 0.30750000000000005
3 0.955907 0.6028125 0.08652199999999999 0.22062500000000002
