0 0.47375 0.6775205 0.38875 0.24888500000000002
1 0.18843749999999998 0.6882250000000001 0.030624999999999986 0.036573999999999995
1 0.22312500000000002 0.689117 0.04374999999999998 0.031221999999999972
1 0.2678125 0.689117 0.04562500000000003 0.03478999999999999
1 0.2915625 0.687333 0.01937500000000003 0.031221999999999972
1 0.3075 0.6810885 0.020000000000000018 0.050846999999999976
1 0.7053125 0.692685 0.08062499999999995 0.0347900000000001
1 0.79375 0.702944 0.09875 0.055308000000000024
1 0.8903125000000001 0.6917930000000001 0.0668749999999999 0.036573999999999995
1 0.98 0.7096345 0.03875000000000006 0.04549499999999995
