5 0.749375 0.7122265 0.08125000000000004 0.18986100000000006
5 0.015625 0.197813 0.03125 0.097416
5 0.058124999999999996 0.2365805 0.06125 0.10934300000000002
5 0.10656249999999999 0.25 0.06937499999999999 0.11630200000000002
5 0.1765625 0.2987075 0.083125 0.08449299999999998
5 0.24875 0.384195 0.06124999999999997 0.120278
5 0.2865625 0.4338965 0.021874999999999978 0.048707
5 0.3225 0.445328 0.05499999999999999 0.075546
5 0.35 0.493042 0.06124999999999997 0.16699799999999998
5 0.3765625 0.45029850000000005 0.021875000000000033 0.07355899999999999
5 0.414375 0.5114315 0.05874999999999997 0.19582499999999997
5 0.4878125 0.5675945 0.09312500000000007 0.180915
5 0.553125 0.610338 0.06499999999999995 0.18489
5 0.599375 0.6898610000000001 0.03499999999999992 0.059642000000000084
5 0.74875 0.8071569999999999 0.04625000000000001 0.05765399999999998
