1 0.484375 0.5874064999999999 0.875 0.631579
1 0.0334375 0.211936 0.033125 0.01597800000000002
1 0.0696875 0.211936 0.03187500000000001 0.01597800000000002
1 0.2440625 0.3641915 0.351875 0.13063899999999995
1 0.1134375 0.21005649999999998 0.03187499999999999 0.027255
1 0.44781249999999995 0.381579 0.044375 0.02255600000000002
1 0.803125 0.3284775 0.20999999999999996 0.18327100000000002
1 0.9115625 0.25704899999999997 0.07062500000000005 0.040414000000000005
1 0.9171875 0.333177 0.06937500000000008 0.06108999999999998
1 0.9878125 0.289004 0.023125000000000062 0.08552599999999999
