3 0.0403125 0.419701 0.036875 0.03828199999999998
3 0.0921875 0.4028945 0.025624999999999995 0.03828100000000001
3 0.1134375 0.4047615 0.016875 0.034546999999999994
3 0.156875 0.5462185 0.10375 0.24836700000000006
3 0.1959375 0.3907565 0.028124999999999983 0.027077000000000018
3 0.2478125 0.5765635 0.08562500000000003 0.26423899999999995
3 0.253125 0.46591950000000004 0.08875 0.15686300000000003
3 0.35531250000000003 0.6423905 0.17812500000000003 0.30438899999999997
3 0.4446875 0.49066299999999996 0.07687500000000003 0.18393999999999994
3 0.505 0.6886085 0.14500000000000002 0.393091
3 0.6725 0.6839405000000001 0.1975 0.35947699999999994
3 0.6484375 0.472456 0.09187499999999993 0.17740400000000006
3 0.748125 0.4407095 0.06125000000000003 0.08029899999999995
3 0.746875 0.4920635 0.04625000000000001 0.14939300000000005
3 0.7803125 0.528478 0.07437499999999997 0.22222199999999998
3 0.8359375 0.611111 0.14437499999999992 0.3109239999999999
