3 0.0290625 0.869281 0.058125 0.25956999999999997
3 0.13374999999999998 0.6521939999999999 0.26625 0.546218
3 0.16 0.432773 0.044999999999999984 0.10364200000000001
3 0.235625 0.46171799999999996 0.05499999999999999 0.157796
3 0.4096875 0.7245565 0.324375 0.549019
3 0.2828125 0.4388425 0.041874999999999996 0.123249
3 0.3578125 0.477124 0.06687499999999996 0.17927200000000004
3 0.4046875 0.469188 0.073125 0.19140999999999997
3 0.504375 0.4056955 0.05749999999999994 0.112979
3 0.6321875 0.47525649999999997 0.07437500000000008 0.28384699999999996
3 0.7709375 0.773576 0.26812500000000006 0.45098000000000005
3 0.890625 0.735294 0.14625 0.527544
3 0.96875 0.6381885 0.06125000000000003 0.275443
