3 0.36875 0.6185080000000001 0.0675 0.15864
3 0.5015625 0.4362605 0.995625 0.46458900000000003
3 0.0875 0.9353165000000001 0.09875 0.127479
3 0.1925 0.8928235 0.08374999999999999 0.19357899999999995
3 0.2340625 0.8276680000000001 0.06687500000000002 0.18413599999999997
3 0.2403125 0.739849 0.06937500000000002 0.17847000000000002
3 0.296875 0.8064215 0.06125000000000003 0.14164299999999996
3 0.3046875 0.9050995 0.06437499999999996 0.1879130000000001
3 0.31343750000000004 0.5977334999999999 0.043125000000000024 0.16052900000000003
3 0.35906249999999995 0.7686495 0.06562499999999999 0.22096300000000002
3 0.4090625 0.6983005 0.06562500000000004 0.199245
