3 0.2867185 0.427083 0.07968700000000001 0.2375
3 0.302344 0.5885415 0.05468799999999996 0.09791699999999992
3 0.360937 0.59375 0.05625000000000002 0.10833399999999993
3 0.410156 0.5979165 0.051562 0.07916699999999999
3 0.4578125 0.6041665 0.043750999999999984 0.0791670000000001
3 0.5101565 0.6177079999999999 0.06093700000000002 0.13124999999999998
3 0.5750005 0.47916650000000005 0.06562500000000004 0.26666700000000004
3 0.628125 0.3552085 0.06874999999999998 0.197917
3 0.627344 0.6385415 0.05468800000000007 0.06041699999999994
3 0.6945315000000001 0.6375 0.07031299999999996 0.08750000000000002
3 0.7578125 0.6375 0.05624899999999999 0.08333400000000002
3 0.845313 0.6520835 0.08125000000000004 0.10416700000000001
