3 0.00125 0.2879165 0.0025 0.029167
3 0.0184375 0.48 0.036875 0.14000000000000007
3 0.4996875 0.2095835 0.999375 0.19416700000000003
3 0.009062500000000001 0.31625000000000003 0.014375 0.07749999999999996
3 0.16 0.1783335 0.315 0.158333
3 0.013437500000000002 0.262083 0.015625 0.037500000000000006
3 0.050937500000000004 0.48875 0.035625000000000004 0.14250000000000007
3 0.2971875 0.27 0.014375000000000027 0.04999999999999999
3 0.30937499999999996 0.266667 0.012500000000000011 0.060000000000000026
3 0.6596875 0.247917 0.6793750000000001 0.1425
3 0.40125 0.4733335 0.03875000000000001 0.146667
3 0.410625 0.29 0.013749999999999984 0.058334
3 0.425 0.4670835 0.03249999999999997 0.13416699999999993
3 0.4265625 0.2933335 0.020625000000000004 0.06833300000000003
3 0.545625 0.5208335 0.04125000000000001 0.158333
3 0.6490625 0.3791665 0.028124999999999956 0.10333300000000001
3 0.6950000000000001 0.3779165 0.032500000000000084 0.07916699999999999
3 0.741875 0.362917 0.03125 0.09750000000000003
3 0.756875 0.403333 0.03249999999999997 0.09999999999999998
3 0.7637499999999999 0.3595835 0.03375000000000006 0.07083300000000003
3 0.81 0.1591665 0.11750000000000005 0.103333
3 0.7940625 0.3883335 0.030624999999999902 0.093333
3 0.8271875 0.3679165 0.09062500000000007 0.12916699999999998
3 0.803125 0.377083 0.03125 0.11250000000000004
3 0.8243750000000001 0.38416649999999997 0.025000000000000022 0.091667
3 0.8290625 0.3229165 0.020625000000000004 0.04083300000000001
3 0.8340625 0.3504165 0.015625 0.04083300000000001
3 0.84375 0.3795835 0.02499999999999991 0.07916699999999999
3 0.8609374999999999 0.3745835 0.020625000000000004 0.089167
3 0.888125 0.38375000000000004 0.03375000000000006 0.09416600000000003
3 0.971875 0.39166650000000003 0.026249999999999996 0.096667
