3 0.065625 0.7062145 0.13125 0.5856870000000001
3 0.14375 0.568738 0.08499999999999999 0.531074
3 0.2128125 0.6727875 0.174375 0.592279
3 0.236875 0.4124295 0.10624999999999998 0.225989
3 0.266875 0.366761 0.05124999999999999 0.134652
3 0.4128125 0.6605464999999999 0.19187500000000002 0.5715629999999999
3 0.4803125 0.570151 0.13687499999999997 0.56968
3 0.60625 0.7043315 0.26625 0.589453
3 0.5871875 0.3804145 0.18187499999999995 0.23540499999999998
3 0.72375 0.4025425 0.09125000000000005 0.18738300000000002
3 0.79625 0.4143125 0.04875000000000007 0.15254300000000004
3 0.863125 0.7810735 0.11624999999999996 0.434087
3 0.860625 0.39971749999999995 0.10875000000000001 0.196799
