3 0.0509695 0.5784035000000001 0.068167 0.14835699999999996
3 0.040025000000000005 0.492958 0.042526 0.056338
3 0.073171 0.4652585 0.018762 0.049765000000000004
3 0.09756100000000001 0.5004695 0.04753 0.07511699999999993
3 0.0891185 0.4830985 0.025640999999999997 0.040374999999999994
3 0.1400875 0.610798 0.117573 0.260094
3 0.1635395 0.570892 0.07066899999999998 0.19718399999999997
3 0.20981850000000002 0.4807515 0.01688500000000001 0.024413000000000018
3 0.2548465 0.47793450000000004 0.021888999999999992 0.03004699999999999
3 0.2779865 0.481221 0.01563500000000001 0.023473999999999995
3 0.31081899999999996 0.484977 0.018762 0.030985999999999958
3 0.34302699999999997 0.481221 0.021887999999999963 0.027229999999999976
3 0.469981 0.5248825 0.03314600000000001 0.09953100000000004
3 0.486554 0.31314549999999997 0.038773999999999975 0.04225300000000004
3 0.7589115 0.33661949999999996 0.03814899999999999 0.05539900000000003
3 0.8939965000000001 0.369953 0.18824300000000005 0.30047
