3 0.0603125 0.751046 0.120625 0.49623400000000006
3 0.1021875 0.5895395 0.06437499999999999 0.258577
3 0.15187499999999998 0.5774055 0.035 0.07866099999999998
3 0.20468750000000002 0.624686 0.050625 0.26359799999999994
3 0.23218750000000002 0.6213390000000001 0.06437500000000002 0.24686200000000003
3 0.271875 0.5740585 0.044999999999999984 0.07531299999999996
3 0.303125 0.564435 0.03375 0.12301200000000001
3 0.4453125 0.6188285 0.07562500000000005 0.28200899999999995
3 0.5218750000000001 0.6271964999999999 0.07750000000000001 0.27196699999999996
3 0.6059375 0.628452 0.06312499999999999 0.23598399999999997
3 0.7521875 0.834728 0.19562499999999994 0.32887
3 0.7396875 0.6163179999999999 0.0681250000000001 0.253556
3 0.8040625 0.6263595 0.06562500000000004 0.22175699999999998
3 0.9303125000000001 0.72636 0.135625 0.15062799999999998
