5 0.2540625 0.9620835000000001 0.151875 0.07416699999999998
5 0.246875 0.8729169999999999 0.12749999999999997 0.12750000000000006
5 0.260625 0.0275 0.15 0.055
5 0.26375 0.342917 0.14625 0.07249999999999995
5 0.2553125 0.17875000000000002 0.10562499999999997 0.08249999999999999
5 0.263125 0.089583 0.12124999999999997 0.1175
5 0.2715625 0.38416649999999997 0.135625 0.05166699999999996
5 0.27718750000000003 0.474583 0.12687500000000002 0.1225
5 0.2709375 0.24875000000000003 0.11062499999999997 0.10916600000000001
5 0.275625 0.52 0.11499999999999999 0.03500000000000003
5 0.26968749999999997 0.70875 0.09312499999999999 0.129166
5 0.27999999999999997 0.805833 0.11374999999999999 0.14500000000000002
5 0.27531249999999996 0.5916665 0.101875 0.10166699999999995
5 0.2903125 0.08583350000000001 0.09562500000000002 0.096667
