3 0.36393600000000004 0.8371875 0.130886 0.260625
3 0.1054615 0.48625 0.210923 0.15000000000000002
3 0.049906 0.5675 0.043314000000000005 0.1312500000000001
3 0.245292 0.47124999999999995 0.08003799999999997 0.10249999999999998
3 0.42561200000000005 0.571875 0.440678 0.21875
3 0.373823 0.4615625 0.028247999999999995 0.06312499999999999
3 0.3997175 0.4590625 0.023541000000000034 0.05812499999999998
3 0.48870100000000005 0.7478125 0.11864400000000003 0.08562500000000006
3 0.4887005 0.835 0.11299499999999996 0.23250000000000004
3 0.45527300000000004 0.44625000000000004 0.019774000000000014 0.04999999999999999
3 0.50565 0.6425 0.08474600000000004 0.09375
3 0.4938795 0.450625 0.031072999999999962 0.05125000000000002
3 0.5428440000000001 0.45375 0.025424000000000002 0.05125000000000002
3 0.5800375 0.453125 0.02824899999999997 0.05625000000000002
3 0.8107345 0.6699999999999999 0.37664699999999995 0.525
3 0.9383235 0.9240625 0.12146900000000005 0.150625
