3 0.0117820325 0.761061965 0.023564065 0.24778758999999995
3 0.01693667115 0.73672567 0.025036817700000002 0.15929206000000007
3 0.126656848 0.774336275 0.061855664000000005 0.28761064999999997
3 0.281296025 0.784292035 0.058910149999999994 0.29424772999999993
3 0.46612664 0.86393807 0.09867451999999999 0.17035394000000004
3 0.53313695 0.88938052 0.06185570000000007 0.11946904000000003
3 0.5920471 0.8241150749999999 0.04418259999999996 0.25884955
3 0.7098674700000001 0.831858435 0.041237139999999894 0.27433627000000005
3 0.74226807 0.907079625 0.023564059999999998 0.13716815000000004
3 0.75846835 0.8550885 0.041237100000000027 0.2455752
3 0.78645068 0.8075221 0.020618560000000064 0.1637168
3 0.8792341749999999 0.917035365 0.03829165000000001 0.10840707000000005
3 0.9204713 0.92588495 0.04418260000000007 0.10398229999999997
