1 0.78828125 0.407291665 0.15156249999999993 0.08124999000000005
1 0.93359375 0.409375 0.08906250000000004 0.06874999999999998
1 0.9859374999999999 0.414583325 0.021874999999999978 0.07499999000000002
3 0.01171875 0.50729167 0.0234375 0.22708334000000002
3 0.16640625 0.48020834999999995 0.05156250000000001 0.24791669999999993
3 0.6625 0.43541666999999995 0.03125 0.14166666
3 0.7828125 0.47499998 0.09062499999999996 0.17083332
3 0.82109375 0.447916665 0.0546875 0.19166666999999993
3 0.92578125 0.442708335 0.026562500000000044 0.07708333
3 0.9578125 0.42708334000000003 0.05312499999999998 0.11666667999999997
