1 0.0125 0.29999999499999996 0.025 0.033333329999999994
1 0.02578125 0.48749999499999996 0.0515625 0.05833331000000003
1 0.17890625 0.30729166 0.0703125 0.03125
1 0.2546875 0.32291667 0.05937499999999998 0.03333333999999999
1 0.346875 0.34166666 0.06874999999999998 0.02916668
1 0.4125 0.8614583499999999 0.08749999999999997 0.04791669999999992
1 0.465625 0.901041655 0.08437499999999998 0.043749990000000016
1 0.58125 0.84687497 0.06562499999999993 0.052083340000000033
5 0.48515625 0.07604167 0.4515625 0.15208334
5 0.76328125 0.07499999850000001 0.1015625 0.141666663
5 0.82734375 0.07812500350000001 0.017187500000000022 0.147916673
5 0.89296875 0.11354166500000001 0.09843749999999996 0.12708333
