3 0.11231394 0.70602407 0.03788904 0.24096385999999992
3 0.144113663 0.6879518 0.05006765400000002 0.20481931999999992
3 0.159675235 0.328915655 0.06224626999999999 0.10361444999999997
3 0.19012179 0.69156626 0.07713126000000001 0.23614460000000004
3 0.20974289000000002 0.69879515 0.09201622000000001 0.26987949999999994
3 0.28416779999999997 0.339759025 0.040595400000000004 0.09156624999999996
3 0.44925575 0.5060241 0.01623817999999999 0.10120480000000004
3 0.508795665 0.6120482 0.056833529999999965 0.36144579999999993
3 0.66644115 0.50361448 0.036535899999999955 0.04819276
3 0.711096065 0.50963855 0.03382953 0.0313253
3 0.7713125949999999 0.497590365 0.02165091000000008 0.060240989999999994
3 0.81596753 0.50240965 0.03518266000000003 0.04578310000000002
3 0.8721244850000001 0.50120482 0.023004029999999953 0.05301208000000002
3 0.9073072 0.49638554 0.02841680000000002 0.043373520000000054
