4 0.8666191 0.235159822 0.26676180000000005 0.24657535599999997
1 0.119828815 0.393835615 0.23965763 0.58219177
1 0.50142654 0.514840173 0.8630528 0.9520547739999999
1 0.20399429 0.159817347 0.15121254 0.09589040599999998
1 0.22610556 0.23744291499999998 0.11269614 0.14155249
1 0.296005705 0.18607306499999998 0.11840229000000002 0.07077625000000001
1 0.35592013 0.1586758 0.04136945999999997 0.07077626
1 0.40870185000000003 0.17579908500000002 0.10984310000000003 0.07305935
1 0.460057075 0.15410959 0.14978605 0.07534245999999999
1 0.487874465 0.178082195 0.11412266999999998 0.07762556999999998
1 0.61911555 0.18378995 0.2510699 0.15296802000000004
