3 0.0553097355 0.475663735 0.07227138899999999 0.23893807
3 0.18584071000000002 0.46792035 0.023598819999999993 0.06415929999999997
3 0.221238935 0.43362832 0.026548669999999996 0.13274335999999998
3 0.24041298 0.44579646 0.017699120000000013 0.10840707999999999
3 0.26769912 0.46902655 0.03687315999999999 0.21238937999999996
3 0.25368732 0.4369469 0.008849560000000006 0.09955752000000001
3 0.31637169 0.47787609 0.04277285999999997 0.15929202000000003
3 0.35619469000000004 0.45464604 0.028023579999999992 0.14823011999999997
3 0.42035398 0.46349557999999996 0.02654867999999999 0.16150443999999997
5 0.5 0.315265475 1.0 0.63053095
5 0.288348073 0.47013275 0.48525071399999997 0.9402655
