3 0.0501474925 0.37057522 0.100294985 0.15265488
3 0.53539824 0.553097335 0.76991152 0.28761058999999994
3 0.18141593 0.1836283175 0.02949852 0.12389380500000001
3 0.34513275 0.32632743 0.06194690000000003 0.05530974000000005
3 0.33775811 0.18141593 0.02654866 0.05752212000000001
3 0.45575222000000004 0.144911505 0.05604720000000002 0.16150443000000003
3 0.5081121 0.15597345 0.028023599999999982 0.15707964
3 0.61061945 0.13606194700000002 0.029498499999999983 0.10840708600000001
3 0.6474926 0.143805313 0.04424779999999995 0.172566374
3 0.74115045 0.123893805 0.07817110000000005 0.11504425
3 0.9100295 0.11393805250000001 0.04424780000000006 0.126106195
3 0.95870207 0.126106195 0.04129793999999998 0.11504425000000001
