5 0.096875 0.79583333 0.19375 0.39583334000000003
5 0.28359375 0.8572916749999999 0.06093750000000003 0.06458335000000004
5 0.29296875 0.71458334 0.06093749999999998 0.0625
5 0.371875 0.921875 0.109375 0.15208328000000004
5 0.33984375 0.83333335 0.042187500000000044 0.06666669999999997
5 0.36015625 0.60104165 0.0703125 0.06041669999999999
5 0.3921875 0.79166667 0.046875 0.08750005999999999
5 0.49687499999999996 0.79375 0.09374999999999994 0.125
5 0.4828125 0.5697916700000001 0.04999999999999999 0.03958333999999997
5 0.528125 0.6739583250000001 0.11875000000000002 0.12291664999999996
5 0.6171875 0.807291655 0.12812500000000004 0.14375000999999998
5 0.61484375 0.97916667 0.07343750000000004 0.03749994000000001
5 0.853125 0.95624997 0.22187500000000004 0.08333334000000003
