3 0.38643068 0.27544248000000005 0.008849559999999979 0.01548672000000001
3 0.3879056 0.36836283000000003 0.011799400000000015 0.019911500000000026
3 0.39306785 0.30309735 0.013274339999999996 0.022123899999999974
3 0.39306785 0.39933628 0.013274339999999996 0.024336279999999988
3 0.40339232999999997 0.38384955 0.010324500000000014 0.028761060000000005
3 0.40486726 0.28761062 0.007374639999999988 0.03097344000000002
3 0.41297934999999997 0.26880531 0.008849539999999989 0.028761060000000005
3 0.41371681 0.36283186 0.007374619999999998 0.022123879999999985
3 0.41666667 0.2931416 0.007374619999999998 0.015486719999999954
3 0.41666667 0.38938053 0.007374619999999998 0.017699099999999968
3 0.43141593 0.27101770000000003 0.010324499999999959 0.02876108000000005
3 0.43215338999999997 0.36725664 0.01179941999999995 0.030973439999999963
3 0.43067846 0.39601770000000003 0.008849559999999979 0.017699120000000013
3 0.43141593 0.30199115 0.007374619999999998 0.019911500000000026
3 0.44174041 0.29867257 0.013274339999999996 0.02654866
3 0.44321533999999996 0.3971239 0.013274320000000006 0.024336280000000043
3 0.44542773 0.26880530999999996 0.011799420000000005 0.019911500000000026
3 0.44690266 0.35951328 0.008849560000000034 0.024336279999999988
