3 0.07109004699999999 0.2510330585 0.126382306 0.460743803
3 0.07819905 0.767561975 0.10268562 0.45247934999999995
3 0.20537125 0.2499999965 0.10110584 0.454545447
3 0.22669825999999998 0.75619835 0.12796207999999998 0.43801650000000003
3 0.415481815 0.303719 0.19273302999999997 0.4504132
3 0.34518167499999997 0.28822314 0.048973149999999965 0.09297522
3 0.34834125 0.36983470500000004 0.05213270000000003 0.06611571
3 0.39731439 0.776859525 0.13428118 0.2520661500000001
3 0.48025277 0.15495868000000002 0.05687206000000006 0.09090909999999999
3 0.57266982 0.260330574 0.10900475999999992 0.471074372
3 0.70221168 0.71900825 0.04581356000000003 0.07024790000000003
3 0.70932068 0.8037190000000001 0.04423383999999997 0.07851240000000004
3 0.7030016 0.11776859 0.028435999999999906 0.08264462
3 0.713270125 0.20557851500000002 0.04265405 0.08884297
3 0.7819905149999999 0.75826445 0.17693517000000003 0.44628102000000003
3 0.850710895 0.25619835 0.09952611 0.42561984
3 0.88546605 0.43698346499999996 0.08372829999999998 0.15495867000000002
3 0.89257505 0.6208677499999999 0.025276500000000035 0.07231409999999994
3 0.90521328 0.6993801900000001 0.04739336000000005 0.0805785
3 0.972353875 0.710743785 0.05529225000000004 0.32644629000000003
