3 0.1765625 0.444791665 0.021875000000000006 0.07291667000000002
3 0.21484375 0.415625005 0.0234375 0.09791667000000004
3 0.25703125 0.8812500000000001 0.04531249999999998 0.09583339999999996
3 0.27890625 0.85625 0.03281249999999997 0.08750000000000002
3 0.3125 0.355208335 0.028124999999999956 0.10208333000000003
3 0.33906250000000004 0.084375 0.01874999999999999 0.06874999999999999
3 0.34296875000000004 0.552083345 0.02031250000000001 0.050000009999999984
3 0.4046875 0.0697916665 0.03437499999999999 0.08124999899999999
3 0.47890625 0.30729165999999997 0.03281249999999997 0.10208332000000003
3 0.48828125 0.7875 0.03281249999999997 0.07499999999999996
3 0.49765625 0.74791668 0.017187499999999967 0.07499995999999998
3 0.5125 0.271875 0.015625 0.06875000000000003
3 0.5445312499999999 0.28541666 0.017187500000000022 0.08333332000000002
3 0.5609375 0.83958333 0.03125 0.045833340000000056
3 0.56484375 0.753124975 0.0234375 0.08958334999999995
3 0.56953125 0.946875005 0.03281250000000002 0.07708329000000003
3 0.59140625 0.81354165 0.020312499999999956 0.07708329999999997
3 0.615625 0.290625005 0.018750000000000044 0.08958332999999996
3 0.69140625 0.8937500199999999 0.03281249999999991 0.045833359999999934
3 0.70703125 0.51666665 0.0234375 0.07083330000000004
3 0.71328125 0.53333332 0.020312499999999956 0.054166640000000044
3 0.75625 0.338541665 0.028124999999999956 0.07708333
3 0.77734375 0.335416665 0.02968750000000009 0.09166666999999995
3 0.80859375 0.85416665 0.0234375 0.08333330000000005
3 0.81484375 0.60104168 0.026562500000000044 0.07291663999999998
3 0.81953125 0.352083335 0.03281250000000002 0.09583333000000005
3 0.83671875 0.912499995 0.03593750000000007 0.07916670999999997
3 0.91875 0.6927083199999999 0.028125000000000067 0.07708335999999993
