3 0.681415925 0.7942478049999999 0.017699149999999997 0.10176993000000001
3 0.72713865 0.7920354000000001 0.014749300000000076 0.09734512000000006
3 0.742625375 0.7942477800000001 0.022123849999999945 0.09292036000000004
3 0.829646015 0.7931416 0.06932157000000005 0.09955752000000007
3 0.879793525 0.794247775 0.007374650000000038 0.08849554999999998
3 0.886430665 0.79756638 0.008849529999999994 0.09070796000000003
3 0.900442475 0.790929235 0.022123950000000003 0.10840706999999994
3 0.929940995 0.798672555 0.022123930000000014 0.08849561000000006
3 0.94911503 0.804203535 0.016224139999999942 0.08628312999999999
3 0.9778761 0.7234513499999999 0.011799400000000015 0.05752210000000002
3 0.997050175 0.72234515 0.0029498500000000316 0.059734500000000024
