3 0.03359375 0.1406250017 0.0671875 0.2770833366
3 0.0453125 0.328125 0.090625 0.23124999999999998
3 0.00625 0.41145833 0.0125 0.06041666000000001
3 0.02421875 0.63645832 0.0484375 0.16041664
3 0.12890625 0.68958333 0.1984375 0.49583334
3 0.14296874999999998 0.15729166700000002 0.1109375 0.297916666
3 0.19609375 0.1437499985 0.1171875 0.279166663
3 0.18984374999999998 0.2875 0.0796875 0.22500000000000003
3 0.37031250000000004 0.74479167 0.2625 0.51041666
3 0.50078125 0.33437501000000003 0.10468749999999999 0.17708333999999998
3 0.578125 0.12083333 0.043749999999999956 0.24166666
3 0.64921875 0.37604167 0.13906249999999998 0.22708333999999997
3 0.8140625 0.396875015 0.15312499999999996 0.31458337000000003
3 0.86171875 0.2145833367 0.12968749999999996 0.4250000066
3 0.97890625 0.57291667 0.042187500000000044 0.15416666
