3 0.0078125 0.66145833 0.015625 0.12291666000000001
3 0.01171875 0.8031250000000001 0.0234375 0.13124999999999998
3 0.0375 0.20104166 0.05 0.12708332
3 0.04375 0.667708325 0.053125 0.13125005
3 0.04140625 0.35416665999999997 0.0421875 0.13333332000000003
3 0.046875 0.52395832 0.046875 0.11874996000000004
3 0.051562500000000004 0.8145833499999999 0.05 0.14583329999999994
3 0.090625 0.191666665 0.053125000000000006 0.13333333000000003
3 0.09296874999999999 0.355208335 0.0578125 0.14375000999999998
3 0.09765625 0.51249999 0.0546875 0.1583333
3 0.10546875 0.84375 0.0546875 0.13333331999999998
3 0.15390625 0.18958333 0.05781249999999999 0.12916666
3 0.15703125 0.33854167 0.0640625 0.16875002
3 0.15703125 0.521875 0.060937500000000006 0.14375
3 0.1609375 0.6854166749999999 0.056249999999999994 0.15416664999999996
3 0.16796875 0.86145833 0.06406250000000002 0.16041666
3 0.22265625 0.164583335 0.06718749999999998 0.15833333
3 0.22343749999999998 0.338541665 0.06562499999999999 0.17291667
3 0.22578125 0.533333345 0.06093749999999998 0.15000001000000002
3 0.23515625 0.8729166749999999 0.0703125 0.16249995000000006
3 0.23281249999999998 0.70625 0.06249999999999997 0.15000000000000002
3 0.29765625 0.1437500025 0.07656249999999998 0.166666675
3 0.30078125 0.330208335 0.08281249999999996 0.16874999000000002
3 0.30859375 0.5166666849999999 0.07656249999999998 0.17500002999999997
3 0.309375 0.711458355 0.06874999999999998 0.16874999000000002
3 0.3109375 0.8854166800000001 0.06562499999999999 0.14166664000000007
3 0.48046875 0.46354167 0.16093749999999996 0.38541666
3 0.62890625 0.453125 0.06718749999999996 0.28125
3 0.8359375 0.472916665 0.32499999999999996 0.46666667000000006
