1 0.34296875000000004 0.60104167 0.4109375 0.34791666000000004
1 0.696875 0.71354167 0.465625 0.5187499799999999
1 0.86015625 0.909375 0.2796875 0.18125000000000002
3 0.03515625 0.297916665 0.0703125 0.19166666999999998
3 0.1015625 0.140625 0.07500000000000001 0.14375
3 0.11796875000000001 0.285416665 0.07031250000000001 0.21666666999999998
3 0.16953125 0.29166667 0.05781249999999999 0.20000002
3 0.16953125000000002 0.12395832999999999 0.045312500000000006 0.13541666
3 0.18906250000000002 0.15833333500000002 0.040624999999999994 0.07083333
3 0.2078125 0.32291667 0.05937499999999998 0.15416666
3 0.23515624999999998 0.15625 0.05781249999999999 0.07500000000000001
3 0.25390625 0.34479166 0.05781250000000002 0.15208332000000002
3 0.28359375 0.15937500500000001 0.0546875 0.07291666999999999
3 0.2859375 0.27812499999999996 0.05312499999999998 0.14375
3 0.3125 0.241666665 0.03125 0.10416667000000002
3 0.33515625 0.328125 0.04531249999999998 0.16458331999999998
3 0.3515625 0.23124999499999999 0.05312499999999998 0.06666665000000002
3 0.3640625 0.330208335 0.03749999999999998 0.14791667000000003
3 0.390625 0.38541667 0.078125 0.16250000000000003
3 0.42265624999999996 0.14479166799999998 0.10468749999999999 0.122916664
3 0.54296875 0.226041662 0.3046875 0.30624999599999997
3 0.45 0.41458333999999997 0.078125 0.22500000000000003
3 0.5296875000000001 0.380208345 0.05625000000000002 0.24375002999999995
3 0.778125 0.29687500499999997 0.21250000000000002 0.31458335
3 0.853125 0.468749985 0.0625 0.15833333
3 0.9234374999999999 0.430208325 0.06874999999999998 0.10624999000000002
3 0.97109375 0.4125 0.0546875 0.14999999999999997
