3 0.24375 0.87890625 0.012500000000000011 0.014062500000000089
3 0.27395833999999997 0.8070312500000001 0.01458332000000001 0.029687499999999978
3 0.442708335 0.80546875 0.014583330000000005 0.017187500000000022
3 0.474999995 0.8796875 0.016666650000000005 0.018749999999999933
3 0.504166675 0.8382812500000001 0.020833349999999973 0.014062499999999978
3 0.50729165 0.86328125 0.027083300000000032 0.026562500000000044
3 0.54583333 0.8984375 0.020833340000000033 0.02187500000000009
3 0.586458355 0.91015625 0.018750009999999984 0.0234375
3 0.603125 0.9296875 0.018750000000000044 0.018750000000000044
3 0.621874975 0.80546875 0.03958335000000002 0.0234375
3 0.617708355 0.925 0.018750009999999984 0.021874999999999978
3 0.66458332 0.81875 0.020833360000000023 0.028124999999999956
3 0.681250005 0.9515625000000001 0.016666709999999973 0.021874999999999978
3 0.714583325 0.97109375 0.024999949999999993 0.026562500000000044
3 0.72916667 0.9624999999999999 0.02500005999999999 0.021874999999999978
3 0.848958345 0.95 0.018750009999999984 0.018749999999999933
