1 0.05751015 0.34578313 0.1150203 0.07469877999999996
1 0.0405953975 0.442168685 0.081190795 0.14698796999999997
1 0.0202976985 0.85783133 0.040595397 0.28433734
1 0.4763193375 0.544578315 0.7794316450000001 0.69879517
1 0.15629229 0.2433735 0.036535859999999976 0.05301203999999998
1 0.4526387 0.140963858 0.060893080000000044 0.113253024
1 0.48985114500000004 0.172289165 0.016238150000000007 0.045783130000000005
1 0.730717175 0.3626506 0.2679296499999999 0.21445780000000003
1 0.74424898 0.29156627 0.16238164 0.10602412
1 0.8105548 0.301204825 0.06495260000000003 0.11566265
1 0.90324765 0.25301205 0.020297699999999974 0.01927710000000002
1 0.942489865 0.271084335 0.036535870000000026 0.045783130000000005
1 0.970230045 0.254216875 0.01623821000000003 0.021686750000000005
