3 0.24705015000000002 0.5530973299999999 0.17551622000000003 0.17699114000000005
3 0.47123893 0.6991150500000001 0.013274340000000051 0.06194690000000003
3 0.48451328 0.875 0.019174040000000003 0.05088500000000007
3 0.53244837 0.8384956 0.029498540000000073 0.11946900000000005
3 0.5309734500000001 0.48561947000000005 0.01769910000000008 0.04646018000000002
3 0.621681435 0.7909292 0.025073730000000016 0.06858407999999994
3 0.6157817299999999 0.50884957 0.01032445999999998 0.030973459999999953
3 0.62905605 0.5044248 0.013274299999999961 0.04867260000000001
3 0.74115045 0.7079645999999999 0.022123899999999974 0.026548600000000033
3 0.79351032 0.741150435 0.02064895999999994 0.03982306999999996
3 0.8222714 0.752212365 0.016224200000000022 0.02654866999999994
