3 0.0066273935 0.47228379499999995 0.013254787 0.10643014999999995
3 0.0478645075 0.46674055999999997 0.033873345 0.09534367999999999
3 0.061119295 0.59312636 0.048600889999999994 0.25055427999999996
3 0.073637702 0.46784922500000004 0.017673044 0.06651885000000002
3 0.11929308 0.70399115 0.09720176000000001 0.19290469999999993
3 0.11782032199999999 0.46674055999999997 0.053019135999999994 0.09534367999999999
3 0.1980854275 0.6563193 0.154639185 0.3370288
3 0.30927834 0.46674056499999994 0.03534608 0.11751660999999997
3 0.3365243 0.6574279199999999 0.05154639999999999 0.36585364
3 0.379970535 0.48226167 0.04418263 0.11751665999999994
3 0.44035345000000004 0.48447894999999996 0.03534609999999999 0.11751664
3 0.5441826000000001 0.618625275 0.07805600000000001 0.23946784999999998
3 0.6251840900000001 0.5232816 0.027982300000000015 0.07095340000000006
3 0.6539028 0.6152993449999999 0.053019099999999986 0.2283813899999999
3 0.69734904 0.501108645 0.03387337999999995 0.10643016999999999
3 0.8726067550000001 0.61862528 0.045655370000000084 0.20842576000000002
3 0.952135475 0.7017738499999999 0.07216495 0.4279379
3 0.97938145 0.64079825 0.041237100000000027 0.3104213
