1 0.08515625 0.465625 0.1703125 0.25625
1 0.15703125 0.38958333 0.09843749999999998 0.13333333999999997
1 0.53359375 0.57916668 0.7578125 0.5125000399999999
1 0.22421875 0.368750005 0.10468749999999999 0.07083333000000003
1 0.27578125 0.41770834 0.1359375 0.15625
1 0.33203125 0.35416666 0.10468750000000004 0.0625
1 0.421875 0.365624995 0.16874999999999996 0.09791667000000004
1 0.85703125 0.355208325 0.051562499999999956 0.06874998999999998
1 0.903125 0.353125 0.08750000000000002 0.05624999999999997
1 0.98515625 0.35729167 0.029687499999999978 0.03541665999999999
