3 0.014442916 0.823459715 0.028885832 0.32938391
3 0.14993122 0.6007108999999999 0.008253100000000013 0.04028434000000003
3 0.15749656499999998 0.5912322 0.00962861000000001 0.026066399999999934
3 0.162998625 0.60900475 0.017881709999999995 0.04739329999999997
3 0.18638239 0.62677727 0.028885820000000006 0.1018957399999999
3 0.872764795 0.776066375 0.07015126999999999 0.34834125000000005
3 0.8562586000000001 0.234597165 0.026134800000000014 0.06635073
3 0.8982118 0.61137442 0.022008199999999922 0.13270143999999995
3 0.9057771649999999 0.252369665 0.012379669999999954 0.01658767
3 0.9250343999999999 0.247630335 0.023383800000000066 0.03554503000000003
3 0.972489685 0.7251185 0.055020630000000015 0.35545019999999994
