4 0.515509605 0.604856515 0.8449039899999999 0.79028697
4 0.912850825 0.377483445 0.17429835000000005 0.24724063000000002
1 0.22378139 0.492273725 0.44756278 0.5121412700000001
1 0.510339733 0.607064015 0.861152134 0.78587197
1 0.48744461000000006 0.321192045 0.07680946000000005 0.059602650000000035
1 0.502215635 0.310154525 0.062038390000000054 0.050772609999999996
1 0.9106351500000001 0.373068435 0.1787297 0.24724063000000002
5 0.0450516975 0.16445915 0.090103395 0.3289183
5 0.09748892249999999 0.15231788 0.082717875 0.30463576
5 0.59231906 0.16004415 0.81240768 0.3200883
