3 0.33046875 0.261458335 0.13906250000000003 0.27291667
3 0.3921875 0.24479167 0.09687499999999999 0.30208334
3 0.51171875 0.272916675 0.1171875 0.30000001
3 0.6703125 0.270833335 0.06562500000000004 0.26250001
3 0.73515625 0.297916665 0.04843750000000002 0.22083333
5 0.45625000000000004 0.204166665 0.06562499999999999 0.025000010000000017
5 0.571875 0.182291665 0.050000000000000044 0.03958333
5 0.62421875 0.190625 0.0390625 0.035416660000000016
5 0.65625 0.160416665 0.03125 0.08333333000000001
5 0.7234375 0.150000003 0.03437499999999993 0.13333333400000003
5 0.7757812500000001 0.190625 0.03281250000000002 0.09791666000000002
5 0.8390625 0.179166665 0.05312499999999998 0.05833333000000002
5 0.8421875000000001 0.23125 0.05312499999999998 0.037500000000000006
5 0.89609375 0.22083333 0.0390625 0.07916666000000003
