5 0.05344070135 0.37861915 0.10102488729999999 0.07126949999999999
5 0.087115662 0.5657015599999999 0.136163976 0.17371937999999998
5 0.051244508 0.329621375 0.03221083600000001 0.03563474999999999
5 0.122254753 0.326280625 0.05710101399999999 0.05567925000000001
5 0.16325037 0.46547883 0.12737922000000002 0.15144765999999993
5 0.16032211000000002 0.33853007 0.03660322000000002 0.04454345999999998
5 0.19692533 0.35634744 0.06295754 0.04899776
5 0.26793558 0.47216037499999997 0.10248904000000003 0.12917594999999998
5 0.243045395 0.33184855 0.04099560999999999 0.04008909999999999
5 0.28843338500000004 0.322939875 0.055636909999999984 0.03563474999999999
5 0.27964860999999996 0.36414253 0.03221082000000003 0.06458794000000001
5 0.29721816 0.40311804500000004 0.04099562000000001 0.031180390000000002
5 0.33674963 0.39977728 0.05270866000000002 0.08240535999999998
5 0.34114202 0.48552340000000005 0.04978035999999997 0.06681520000000002
5 0.387262075 0.4777283 0.05710101000000001 0.04677060000000005
5 0.38945827 0.34966592500000004 0.058565140000000016 0.031180409999999992
5 0.38799414 0.38864143 0.026354319999999987 0.02004454
5 0.38579794 0.41202671 0.021961919999999968 0.031180419999999986
5 0.43118594 0.40645881 0.06881408 0.05567929999999999
5 0.45095168 0.451002225 0.07613471999999999 0.07795099
5 0.46046852000000005 0.48106905 0.05710103999999999 0.07126950000000004
5 0.47803807499999995 0.326280625 0.027818449999999995 0.028953249999999986
5 0.49194728499999996 0.39977729 0.04392382999999994 0.02449888
5 0.5285504999999999 0.3663697 0.032210799999999984 0.03340760000000004
5 0.55344069 0.46436526 0.07613468000000001 0.06458797999999999
5 0.554904815 0.3986637 0.03221082999999991 0.04454343999999999
5 0.5900439049999999 0.38752785 0.026354309999999992 0.04008909999999999
5 0.6266471499999999 0.45100223 0.08199129999999999 0.08685966
5 0.6163982450000001 0.38752784 0.02635437000000007 0.026726040000000006
5 0.69033677 0.38864142 0.05417273999999994 0.051224959999999986
5 0.75329429 0.45768373500000004 0.13323569999999996 0.13140313000000003
5 0.715226935 0.36636971 0.02781846999999993 0.05122492000000001
5 0.799414335 0.3741648 0.038067329999999955 0.062360799999999994
5 0.83967787 0.45545658 0.06002925999999997 0.042316240000000005
5 0.8887262149999999 0.44209354 0.07613477000000002 0.08240535999999998
5 0.92898978 0.37750557 0.03660324000000004 0.042316259999999994
5 0.9531479 0.46213809 0.07027820000000007 0.05567926000000001
