3 0.23352435 0.5273348600000001 0.017191979999999996 0.09339408000000005
3 0.32951289 0.52164011 0.022922620000000005 0.08200458
3 0.45487105 0.56036445 0.041547299999999954 0.18223229999999996
3 0.50286535 0.63325738 0.12034389999999995 0.22323464000000004
3 0.560171925 0.6275626299999999 0.03151864999999998 0.17084274
3 0.57306592 0.59794988 0.03724923999999996 0.17995444000000005
3 0.6138968499999999 0.6207289250000001 0.047277899999999984 0.17084285
3 0.6504298150000001 0.55580865 0.03151862999999999 0.14123010000000003
3 0.72707738 0.63667428 0.04441264 0.23462415999999997
5 0.5 0.2585421522 1.0 0.5125284956
