3 0.07109375 0.609374985 0.0921875 0.29791663
3 0.434375 0.60416666 0.8093750000000001 0.30416667999999997
3 0.2625 0.5114583349999999 0.028124999999999983 0.10208333000000003
3 0.47578125000000004 0.62604167 0.2703125 0.26041665999999997
3 0.625 0.5802083250000001 0.034375000000000044 0.06874995000000006
3 0.6234375 0.50625 0.028124999999999956 0.07499999999999996
3 0.671875 0.578125 0.034375000000000044 0.08125000000000004
3 0.7109375 0.53645833 0.02499999999999991 0.10625002
3 0.7710937499999999 0.59375 0.04843750000000002 0.11250000000000004
3 0.8078125 0.5927083 0.06562499999999993 0.10625000000000007
