3 0.0515625 0.51875 0.018749999999999996 0.03749999999999998
3 0.07500000000000001 0.5812500199999999 0.034375 0.14166664000000007
3 0.11875000000000001 0.55104168 0.053125000000000006 0.09791664
3 0.171875 0.54583333 0.01874999999999999 0.08333334000000003
3 0.2140625 0.613541675 0.040624999999999994 0.19375005
3 0.2359375 0.62708333 0.03437499999999999 0.18333334
3 0.2265625 0.499999985 0.009375000000000022 0.033333329999999994
3 0.26328125 0.56770835 0.0234375 0.09791669999999997
3 0.50234375 0.230208335 0.1640625 0.12708333000000002
3 0.71015625 0.6354166800000001 0.029687499999999978 0.07916664000000007
