3 0.1789396125 0.54203539 0.13402061499999998 0.15929202000000003
3 0.318851245 0.54314159 0.033873350000000024 0.17920354
3 0.35419734999999997 0.5442477800000001 0.030927839999999984 0.15929204000000008
3 0.40942563 0.539823 0.03240058000000001 0.16371680000000005
3 0.44108984 0.54756637 0.027982359999999984 0.13938054
3 0.48821797 0.5442477800000001 0.04270985999999999 0.14159292
3 0.52061855 0.5431416 0.022091300000000036 0.1261062
3 0.63402063 0.51216815 0.12518406000000004 0.44469030000000004
3 0.7974962999999999 0.566371665 0.12812959999999995 0.17699113
3 0.9580265 0.5741150500000001 0.083947 0.19247789999999998
5 0.0868924875 0.29756638 0.041237104999999996 0.45353983999999997
5 0.1406480075 0.273230075 0.08689248499999999 0.54646015
5 0.209131075 0.24115044 0.08541975000000002 0.48230088
5 0.689985275 0.379424785 0.11634755000000008 0.36946903000000003
