3 0.19791666666666666 0.7708333333333334 0.26953125 0.8032407407407407 0.4388020833333333 0.8356481481481481 0.7552083333333334 0.8356481481481481 0.875 0.8009259259259259 0.9921875 0.7337962962962963 0.8880208333333334 0.7013888888888888 0.7291666666666666 0.7476851851851852 0.52734375 0.7453703703703703 0.3033854166666667 0.7129629629629629 0.19791666666666666 0.7708333333333334
8 0 0.7615740740740741 0.013020833333333334 0.8356481481481481 0.3606770833333333 0.6944444444444444 0.3723958333333333 0.6921296296296297 0.20572916666666666 0.6712962962962963 0 0.7615740740740741
4 0.9114583333333334 0.7476851851851852 0.8971354166666666 0.31712962962962965 0.8502604166666666 0.0023148148148148147 0.8385416666666666 0.0023148148148148147 0.8828125 0.30092592592592593 0.8971354166666666 0.7129629629629629 0.9114583333333334 0.7476851851851852
4 0.6328125 0.33564814814814814 0.6208934296875 0.3653133907407407 0.62109375 0.36574074074074076 0.6228535354166667 0.5346801342592593 0.6236979166666666 0.3680555555555556 0.6354166666666666 0.33564814814814814 0.6692708333333334 0.3333333333333333 0.6328125 0.33564814814814814
4 0.6236979166666666 0.6157407407407407 0.6228535354166667 0.5346801342592593 0.6223958333333334 0.625 0.6236979166666666 0.6157407407407407
4 0.3893229166666667 0.4652777777777778 0.3841145833333333 0.4699074074074074 0.3854166666666667 0.4444444444444444 0.3828125 0.4791666666666667 0.3723958333333333 0.47685185185185186 0.3880208333333333 0.5856481481481481 0.3854166666666667 0.47453703703703703 0.3893229166666667 0.4652777777777778
4 0.7409622359375 0.40701136203703703 0.7409117213541666 0.4042274601851852 0.7278645833333334 0.4027777777777778 0.7409622359375 0.40701136203703703
4 0.7409622359375 0.40701136203703703 0.7434895833333334 0.5462962962962963 0.7421875 0.4074074074074074 0.7409622359375 0.40701136203703703
4 0.6461748633879782 0.48846387370977534 0.6470724126344086 0.4905913978494624 0.6731770833333335 0.4652777777777778 0.6536458333333335 0.46759259259259267 0.6461748633879782 0.48846387370977534
4 0.6393229166666666 0.4722222222222223 0.64453125 0.49305555555555564 0.6461748633879782 0.48846387370977534 0.6393229166666666 0.4722222222222223
4 0.6471354166666666 0.6342592592592593 0.6471354166666667 0.49074074074074087 0.6470724126344086 0.4905913978494624 0.64453125 0.49305555555555564 0.6471354166666666 0.6342592592592593
3 0.9908854166666666 0.8865740740740741 1 0.8287037037037037 0.7604166666666666 0.7175925925925926 0.6875 0.6759259259259259 0.66796875 0.6990740740740741 0.7890625 0.7824074074074074 0.9908854166666666 0.8865740740740741