3 0.79296875 0.8819444444444444 0.8359375 0.8657407407407407 0.8684895833333334 0.8564814814814815 0.8619791666666666 0.8379629629629629 0.828125 0.8194444444444444 0.78515625 0.7986111111111112 0.73828125 0.7800925925925926 0.6940104166666666 0.75 0.6549479166666666 0.7245370370370371 0.6028645833333334 0.6921296296296297 0.578125 0.6759259259259259 0.53515625 0.6550925925925926 0.5013020833333334 0.625 0.4895833333333333 0.6203703703703703 0.4635416666666667 0.6226851851851852 0.462890625 0.6273148148148148 0.4947916666666667 0.6527777777777778 0.5377604166666666 0.6782407407407407 0.5846354166666666 0.7152777777777778 0.63671875 0.7708333333333334 0.6770833333333334 0.8055555555555556 0.76171875 0.8912037037037037 0.79296875 0.8819444444444444
8 0.0078125 0.7569444444444444 0.020833333333333332 0.7523148148148148 0.059895833333333336 0.7453703703703703 0.09895833333333333 0.7384259259259259 0.17317708333333334 0.7222222222222222 0.2265625 0.6990740740740741 0.27734375 0.6643518518518519 0.34375 0.6481481481481481 0.3619791666666667 0.6342592592592593 0.3502604166666667 0.6319444444444444 0.3138020833333333 0.6365740740740741 0.29296875 0.6458333333333334 0.2591145833333333 0.6597222222222222 0.21484375 0.6736111111111112 0.18359375 0.6898148148148148 0.115234375 0.6909722222222222 0.05859375 0.7152777777777778 0.0013020833333333333 0.7222222222222222 0.0078125 0.7569444444444444
4 0.6328125 0.5578703703703703 0.6393229166666666 0.4305555555555556 0.64453125 0.36342592592592593 0.64453125 0.2824074074074074 0.63671875 0.2199074074074074 0.6380208333333334 0.13425925925925927 0.62890625 0.06018518518518518 0.625 0.011574074074074073 0.6302083333333334 0.7407407407407407 0.6354166666666666 0.6423611111111112 0.6328125 0.5578703703703703
4 0.5559895833333334 0.28703703703703703 0.51953125 0.30092592592592593 0.4947916666666667 0.2986111111111111 0.4744791666666667 0.28888888888888886 0.5065104166666666 0.30787037037037035 0.5098946333333333 0.32441542962962966 0.5221354166666666 0.3055555555555556 0.55078125 0.29398148148148145 0.5559895833333334 0.28703703703703703
4 0.5098946333333333 0.32441542962962966 0.5026041666666666 0.33564814814814814 0.5026041666666666 0.38657407407407407 0.4986979166666667 0.6134259259259259 0.5052083333333334 0.5347222222222222 0.51171875 0.4652777777777778 0.5143229166666666 0.4166666666666667 0.5169270833333334 0.3587962962962963 0.5098946333333333 0.32441542962962966
4 0.44921875 0.44907407407407407 0.47265625 0.4675925925925926 0.4713541666666667 0.5995370370370371 0.47265625 0.6018518518518519 0.4739583333333333 0.4699074074074074 0.4934895833333333 0.4513888888888889 0.44921875 0.44907407407407407
4 0.5780444588541667 0.4742268037037037 0.5859375 0.4722222222222222 0.5651041666666666 0.4675925925925926 0.578125 0.4722222222222222 0.5780444588541667 0.4742268037037037
4 0.5768229166666666 0.47453703703703703 0.5768229166666666 0.5046296296296297 0.5780444588541667 0.4742268037037037 0.5768229166666666 0.47453703703703703
4 0.5768229166666666 0.6134259259259259 0.5768229166666666 0.5046296296296297 0.5755208333333334 0.5370370370370371 0.5768229166666666 0.6134259259259259
4 0.4596354166666667 0.5115740740740741 0.4752604166666667 0.5 0.4609375 0.5046296296296297 0.4453125 0.4930555555555556 0.4557291666666667 0.5046296296296297 0.45703125 0.5717592592592593 0.4596354166666667 0.5115740740740741
4 0.34025869947916665 0.4737230361111111 0.3411458333333333 0.5115740740740741 0.3372395833333333 0.6157407407407407 0.3450520833333333 0.5231481481481481 0.34025869947916665 0.4737230361111111