2 0.2643229166666667 0.7337962962962963 0.14973958333333334 0.7199074074074074 0.09895833333333333 0.7222222222222222 0.061197916666666664 0.7453703703703703 0 0.7476851851851852 0.07682291666666667 0.7986111111111112 0.21484375 0.8032407407407407 0.3359375 0.8171296296296297 0.5052083333333334 0.8541666666666666 0.7291666666666666 0.8171296296296297 0.9348958333333334 0.7731481481481481 0.9908854166666666 0.7106481481481481 0.87890625 0.6759259259259259 0.7395833333333334 0.7268518518518519 0.5716145833333334 0.7546296296296297 0.3802083333333333 0.7569444444444444 0.2643229166666667 0.7337962962962963
3 0.546875 0.6203703703703703 0.5026041666666666 0.6319444444444444 0.4231770833333333 0.6736111111111112 0.3463541666666667 0.7199074074074074 0.2578125 0.7754629629629629 0.16796875 0.8217592592592593 0.11458333333333333 0.8680555555555556 0.1875 0.9050925925925926 0.19270833333333334 0.9027777777777778 0.359375 0.7777777777777778 0.4700520833333333 0.6944444444444444 0.5260416666666666 0.6412037037037037 0.546875 0.6203703703703703
4 0.4623638776041667 0.17987185 0.4622395833333333 0.1736111111111111 0.4986979166666667 0.14351851851851852 0.5234375 0.12268518518518519 0.46875 0.1597222222222222 0.3997395833333333 0.14351851851851852 0.4623638776041667 0.17987185
4 0.4713541666666667 0.5972222222222222 0.4635416666666667 0.18055555555555555 0.4623638776041667 0.17987185 0.4661458333333333 0.37037037037037035 0.4713541666666667 0.5972222222222222
4 0.5141369046875001 0.3784958425925926 0.5494791666666666 0.3425925925925926 0.4713541666666667 0.3611111111111111 0.5141369046875001 0.3784958425925926
4 0.5130208333333334 0.37962962962962965 0.5143229166666666 0.6064814814814815 0.5143229166666666 0.6087962962962963 0.5169270833333334 0.37962962962962965 0.5141369046875001 0.3784958425925926 0.5130208333333334 0.37962962962962965
4 0.19791666666666666 0.2824074074074074 0.17708333333333334 0.2847222222222222 0.14713541666666666 0.30787037037037035 0.18156892447916664 0.31631383611111114 0.19791666666666666 0.2824074074074074
4 0.1711533635416667 0.5083946898148148 0.17680209791666668 0.326200587037037 0.17447916666666666 0.33101851851851855 0.1711533635416667 0.5083946898148148
4 0.06901041666666667 0.10185185185185185 0.05859375 0.11805555555555555 0.0569250609375 0.16898148148148148 0.06640625 0.16898148148148148 0.06628149947916667 0.17020126388888887 0.07552083333333333 0.1712962962962963 0.09895833333333333 0.1412037037037037 0.07552083333333333 0.1574074074074074 0.07682291666666667 0.10416666666666667 0.09895833333333333 0.0763888888888889 0.10546875 0.05787037037037037 0.06901041666666667 0.10185185185185185
4 0.06628149947916667 0.17020126388888887 0.05692144166666667 0.16909192407407408 0.04821004739583334 0.4349507731481481 0.049479166666666664 0.42592592592592593 0.0546875 0.35300925925925924 0.057291666666666664 0.25810185185185186 0.06628149947916667 0.17020126388888887
4 0.04821004739583334 0.4349507731481481 0.037760416666666664 0.5092592592592593 0.04296875 0.5949074074074074 0.04821004739583334 0.4349507731481481